043A.txt 0.589507842077 0.433161740286 0.642857142857 0.700510544 0.5 0.879916167968 True
0501.txt 0.546782044348 0.420458319495 0.714285714286 0.699633344269 0.388888888889 0.886287787885 True
056A.txt 0.629529475392 0.546330122883 0.785714285714 0.677769861391 0.333333333333 0.928515600734 True
086.txt 0.426717144402 0.308369312521 0.642857142857 0.69396694771 0.333333333333 0.880362212402 True
091.txt 0.406706327745 0.251660577881 0.571428571429 0.72534234791 0.333333333333 0.835378193698 True
092.txt 0.528934559221 0.368316174029 0.642857142857 0.703491243558 0.277777777778 0.853697383316 True
094.txt 0.257436452136 0.200680836931 0.714285714286 0.667532802595 0.277777777778 0.841740973807 True
098.txt 0.162790697674 0.0961474593158 0.5 0.722412559985 0.333333333333 0.862888136815 True
1008.txt 0.214169821525 0.153520425108 0.642857142857 0.673264155266 0.333333333333 0.893063353877 True
1010.txt 0.310978907518 0.197193623381 0.571428571429 0.6910616447 0.277777777778 0.857554908342 True
1012.txt 0.266089778259 0.172534041847 0.571428571429 0.696369767606 0.388888888889 0.840842646308 True
1015.txt 0.182260681449 0.100797077383 0.5 0.76020176864 0.444444444444 0.78453702135 True
1016.txt 0.244997295836 0.16215543009 0.571428571429 0.704558108187 0.333333333333 0.795795084332 True
1019.txt 0.179015684154 0.091912985719 0.428571428571 0.738374111203 0.444444444444 0.805758076826 True
102.txt 0.258518117902 0.164729325805 0.571428571429 0.718664841422 0.388888888889 0.850376326868 True
1021.txt 0.1557598702 0.0988043839256 0.571428571429 0.696586857982 0.388888888889 0.859033363178 True
1024.txt 0.265008112493 0.17834606443 0.571428571429 0.707734269577 0.333333333333 0.779930859479 True
1026.txt 0.224986479178 0.153271338426 0.571428571429 0.655781177595 0.277777777778 0.878990416253 True
1032.txt 0.216873985938 0.136582530721 0.571428571429 0.700046758105 0.388888888889 0.840869512423 True
1035.txt 0.273661438615 0.180919960146 0.571428571429 0.698786590616 0.277777777778 0.834400907624 True
1039.txt 0.0670632774473 0.0263201594155 0.357142857143 0.836809653379 0.444444444444 0.814128231065 True
1040.txt 0.314764737696 0.201345068084 0.571428571429 0.691063530016 0.388888888889 0.880370237176 True
1044.txt 0.28069226609 0.16605778811 0.5 0.723428708436 0.388888888889 0.859693067029 True
1045.txt 0.0849107625744 0.0373630023248 0.357142857143 0.811574527737 0.444444444444 0.79816028415 True
1046.txt 0.189832341806 0.129857190302 0.571428571429 0.688877865961 0.333333333333 0.872785942272 True
1047.txt 0.0941049215792 0.0454168050482 0.428571428571 0.774277179811 0.333333333333 0.787339511071 True
1048.txt 0.0946457544619 0.0430919960146 0.357142857143 0.742285851122 0.388888888889 0.791776305901 True
105.txt 0.253650621958 0.15376951179 0.5 0.704052330685 0.333333333333 0.84190993935 True
1051.txt 0.306111411574 0.208070408502 0.571428571429 0.690023140186 0.277777777778 0.836088311472 True
1054.txt 0.224445646295 0.122882763202 0.5 0.76479832373 0.5 0.802864308427 True
1060.txt 0.286100594916 0.173696446363 0.5 0.730580482877 0.333333333333 0.829003806266 True
1064.txt 0.225527312061 0.143723015609 0.571428571429 0.722309772374 0.333333333333 0.772745965179 True
1065.txt 0.193618171985 0.106110926602 0.5 0.701144051662 0.333333333333 0.877573899163 True
1066.txt 0.0540832882639 0.0251577548987 0.428571428571 0.751630892256 0.333333333333 0.747940194536 True
1068.txt 0.197944835046 0.102872799734 0.428571428571 0.754192710283 0.388888888889 0.807685708725 True
1073.txt 0.265548945376 0.194453669877 0.642857142857 0.674143511784 0.333333333333 0.890828396174 True
1074.txt 0.189291508924 0.107107273331 0.5 0.722242120344 0.333333333333 0.842726244839 True
1076.txt 0.171444023797 0.101129192959 0.5 0.702905585726 0.333333333333 0.841525407488 True
1078.txt 0.181719848567 0.113251411491 0.571428571429 0.697831526889 0.333333333333 0.79598323058 True
1088.txt 0.240129799892 0.151029558286 0.571428571429 0.68519245826 0.333333333333 0.869485160938 True
1089.txt 0.191454840454 0.108933909 0.5 0.744859770704 0.277777777778 0.817168749022 True
1091.txt 0.197944835046 0.102208568582 0.428571428571 0.728289449061 0.388888888889 0.831989025633 True
1097.txt 0.27257977285 0.174111590834 0.571428571429 0.726385322325 0.388888888889 0.796747787174 True
110.txt 0.39751216874 0.262786449684 0.571428571429 0.697388003794 0.333333333333 0.876188410735 True
1102.txt 0.261222282315 0.184739289273 0.642857142857 0.680370225996 0.277777777778 0.833525541965 True
1109.txt 0.263385613845 0.191713716373 0.642857142857 0.679124134211 0.277777777778 0.883019814393 True
1112.txt 0.225527312061 0.151776818333 0.571428571429 0.67933033381 0.277777777778 0.845897191744 True
1116.txt 0.187128177393 0.0957323148456 0.428571428571 0.72887869649 0.333333333333 0.797932645271 True
1119.txt 0.183883180097 0.110013284623 0.5 0.698443555151 0.277777777778 0.832140380355 True
1122.txt 0.24175229854 0.153022251744 0.571428571429 0.700871195781 0.333333333333 0.859178710543 True
1123.txt 0.23147647377 0.142145466622 0.571428571429 0.7022996737 0.388888888889 0.828124889466 True
1124.txt 0.101135749054 0.0430919960146 0.357142857143 0.797152622046 0.5 0.787135930639 True
1126.txt 0.243374797188 0.16298571903 0.571428571429 0.68441701724 0.333333333333 0.884034430959 True
1128.txt 0.239588967009 0.127366323481 0.428571428571 0.749394489954 0.444444444444 0.819226942931 True
1131.txt 0.257977285019 0.159332447692 0.571428571429 0.71145367214 0.277777777778 0.868738780036 True
1133.txt 0.220118983234 0.136665559615 0.571428571429 0.708853025663 0.388888888889 0.833947508917 True
114.txt 0.362898864251 0.261374958486 0.642857142857 0.713176850472 0.444444444444 0.840003093183 True
1146.txt 0.120605732829 0.0727333111923 0.5 0.713297378096 0.333333333333 0.778308547355 True
1152.txt 0.240670632774 0.133593490535 0.5 0.754161816311 0.388888888889 0.835900623659 True
127.txt 0.221200648999 0.154931916307 0.642857142857 0.655158469765 0.277777777778 0.881236709397 True
134.txt 0.414818820984 0.325639322484 0.714285714286 0.660774014987 0.277777777778 0.911675689353 True
135.txt 0.245538128718 0.168050481568 0.571428571429 0.689536512984 0.277777777778 0.832922187904 True
1376.txt 0.606814494321 0.519428761209 0.785714285714 0.679774290234 0.388888888889 0.882822347295 True
141.txt 0.2336398053 0.145798737961 0.571428571429 0.694665430488 0.277777777778 0.844712481516 True
1439.txt 0.52244456463 0.406509465294 0.714285714286 0.717932480682 0.333333333333 0.876808971726 True
1443.txt 0.56354786371 0.49468615078 0.785714285714 0.678672834299 0.277777777778 0.923896045439 True
148.txt 0.322877230936 0.197525738957 0.5 0.717900183243 0.333333333333 0.855639964524 True
1668.txt 0.315846403461 0.222600464962 0.642857142857 0.697170949447 0.388888888889 0.856511981454 True
168.txt 0.518658734451 0.429259382265 0.714285714286 0.685745955614 0.333333333333 0.876733091802 True
172.txt 0.462412114657 0.393224842245 0.785714285714 0.664066958151 0.277777777778 0.916983648427 True
173.txt 0.264467279611 0.160660909997 0.5 0.698621901785 0.277777777778 0.87882505861 True
193.txt 0.0475932936723 0.016522749917 0.285714285714 0.864041819053 0.5 0.665541871924 True
194.txt 0.260140616549 0.170873463965 0.571428571429 0.697413158351 0.444444444444 0.892578081551 True
208.txt 0.167117360736 0.110096313517 0.571428571429 0.714676454209 0.444444444444 0.810820289908 True
213.txt 0.267171444024 0.170126203919 0.571428571429 0.678001638321 0.333333333333 0.87857562118 True
256.txt 0.290427257977 0.171288608436 0.5 0.799013906839 0.666666666667 0.797955241817 True
270.txt 0.375878853434 0.283626702092 0.642857142857 0.711735006807 0.5 0.853791588934 True
281.txt 0.63926446728 0.437811358353 0.571428571429 0.720139832099 0.444444444444 0.894828489625 True
295.txt 0.129799891833 0.0658419129857 0.428571428571 0.743240789168 0.444444444444 0.817608905445 True
61.txt 0.212006489995 0.149701095981 0.642857142857 0.64651200154 0.277777777778 0.870704764416 True
69.txt 0.203353163872 0.126369976752 0.571428571429 0.699139332151 0.333333333333 0.825524366774 True
80.txt 0.229853975122 0.153188309532 0.571428571429 0.698251942286 0.333333333333 0.835350348976 True
88.txt 0.211465657112 0.149618067087 0.642857142857 0.655394752661 0.277777777778 0.822816989886 True
96.txt 0.420227149811 0.296662238459 0.642857142857 0.719926710584 0.444444444444 0.851790420618 True
a10-gosalia.txt 0.501352082207 0.428180006642 0.785714285714 0.683391930587 0.388888888889 0.852620788436 True
a12-harinath.txt 0.513250405625 0.477167054135 0.857142857143 0.679407380113 0.388888888889 0.881255927283 True
a2-grabs.txt 0.605191995673 0.539604782464 0.785714285714 0.676682584065 0.333333333333 0.889713363166 True
a7-shah.txt 0.408328826393 0.321986051146 0.714285714286 0.6904218707 0.388888888889 0.90451114341 True
a8-chen.txt 0.18442401298 0.102042510794 0.5 0.743492503306 0.444444444444 0.819527057114 True
a8-gittens.txt 0.681449432125 0.579790767187 0.785714285714 0.682799124084 0.333333333333 0.88656083342 True
a9-farre.txt 0.0746349378042 0.0319661242112 0.357142857143 0.783646725907 0.333333333333 0.822717105509 True
axontologic.genomic.txt 0.104921579232 0.0445865161076 0.357142857143 0.799055316668 0.5 0.828713174235 True
BLOG06.OVERVIEW.txt 0.221741481882 0.129026901362 0.5 0.705437364581 0.333333333333 0.839308197344 True
carnegie-mu-callan.ent.txt 0.301784748513 0.231899701096 0.714285714286 0.6721804223 0.333333333333 0.884444764335 True
cas-ict.blog.final.txt 0.266630611141 0.164895383593 0.571428571429 0.73849355063 0.388888888889 0.875260406677 True
cas-ict.ent.final.txt 0.268793942672 0.207572235138 0.714285714286 0.67894133957 0.333333333333 0.87437740244 True
cas-sun.hard.txt 0.289345592212 0.196861507805 0.571428571429 0.770269639586 0.666666666667 0.845000551473 True
CASICT.txt 0.599242833964 0.483892394553 0.714285714286 0.766773490163 0.555555555556 0.840771852392 True
cas_final.hongbo.txt 0.566252028123 0.468033875789 0.714285714286 0.714571793945 0.388888888889 0.87517379645 True
chinese-acad-sci-bin.robust.txt 0.403461330449 0.280471604118 0.642857142857 0.745680917166 0.388888888889 0.843356405708 True
chinese-acad-sci-zhang.hard.txt 0.26230394808 0.186648953836 0.642857142857 0.694436308966 0.333333333333 0.873890604443 True
chinese-acad-sci.qa.final.txt 0.283937263386 0.210561275324 0.642857142857 0.713384526839 0.5 0.813057102202 True
cityu-london.ent.txt 0.324499729584 0.21396545998 0.571428571429 0.731060737804 0.333333333333 0.894016860303 True
cityu.pliers.txt 0.261222282315 0.19594818997 0.642857142857 0.695777815005 0.277777777778 0.823329005901 True
clirtrack.txt 0.497566252028 0.36815011624 0.642857142857 0.755691909724 0.5 0.810101399548 True
cmu-callan.blog.final.txt 0.402379664684 0.294503487214 0.642857142857 0.72803246218 0.388888888889 0.844232862497 True
cmu-callan.legal.final.txt 0.511627906977 0.414812354699 0.714285714286 0.710375837556 0.388888888889 0.833498065847 True
CMU-TREC7-SDR.txt 0.312060573283 0.196695450017 0.571428571429 0.710852123652 0.277777777778 0.837315306207 True
cmu-ukarlsruhe.qa.final.txt 0.706327744727 0.601876453006 0.785714285714 0.686942412854 0.444444444444 0.885169123339 True
cnlptrec10.txt 0.55327203894 0.458402524078 0.714285714286 0.719758144222 0.611111111111 0.919549983626 True
cnlptrec9.txt 0.500270416441 0.396213882431 0.714285714286 0.759980963106 0.666666666667 0.871535963984 True
columbiau.novelty.txt 0.258518117902 0.163483892395 0.571428571429 0.694097231359 0.277777777778 0.866370849673 True
converspeech.geo.txt 0.497566252028 0.394221188974 0.714285714286 0.706210032565 0.444444444444 0.844790871347 True
crl_proceedings.txt 0.416982152515 0.313351046164 0.642857142857 0.690785179477 0.388888888889 0.883383453928 True
crm114.spam.final.txt 0.443482963764 0.279143141813 0.571428571429 0.71714433376 0.333333333333 0.857770712917 True
cuhk_clir_trec9.txt 0.381287182261 0.282215210893 0.642857142857 0.710070913591 0.333333333333 0.842077316115 True
cuhtk-sdr-paper.txt 0.72742022715 0.658668216539 0.785714285714 0.696072912979 0.5 0.87494614972 True
cuhtk-trec98-uspaper.txt 0.655489453759 0.549983394221 0.714285714286 0.701071023184 0.333333333333 0.885824972735 True
cuhtk_trec9.txt 0.627366143862 0.531384921953 0.785714285714 0.716939611784 0.444444444444 0.830336878573 True
cwi.ent.final.txt 0.393185505679 0.330454998339 0.714285714286 0.688789111889 0.333333333333 0.902172207314 True
erasmus-tno-utwente.geo.final.txt 0.121687398594 0.0658419129857 0.5 0.750609705688 0.444444444444 0.806270585337 True
etymon.tera.txt 0.20281233099 0.102208568582 0.428571428571 0.78347073678 0.5 0.781568357271 True
eurecom.fabrice.txt 0.316387236344 0.193208236466 0.5 0.718947881298 0.333333333333 0.865190926836 True
exegy.mq.final.txt 0.372093023256 0.261956160744 0.642857142857 0.682595402365 0.333333333333 0.876721391558 True
fub.robust.web.txt 0.415359653867 0.311275323813 0.642857142857 0.700157151159 0.444444444444 0.92580799043 True
fudan.blog.final.txt 0.287723093564 0.210312188642 0.642857142857 0.689936573425 0.333333333333 0.873780957963 True
glasgow.web.txt 0.3769605192 0.275655928263 0.642857142857 0.692530152831 0.388888888889 0.900266887067 True
hit.spam.final.final.txt 0.5451595457 0.392809697775 0.642857142857 0.714445393489 0.444444444444 0.881361229937 True
hkpu.robust.txt 0.405083829097 0.313184988376 0.714285714286 0.703634257441 0.388888888889 0.882562943578 True
humboldtu.spam.final.txt 0.544077879935 0.3980405181 0.642857142857 0.732424998104 0.611111111111 0.865595622334 True
humingbird.robust.web.tera.txt 0.234721471065 0.146878113584 0.571428571429 0.719319939478 0.333333333333 0.801157610454 True
hummingbird.robust.web.genomic.txt 0.64142779881 0.53561939555 0.714285714286 0.700259399392 0.388888888889 0.878315284494 True
HumTREC2001.txt 0.603028664143 0.470026569246 0.714285714286 0.723022467817 0.388888888889 0.837655999974 True
ibm-brown.genomics.txt 0.287182260681 0.179259382265 0.571428571429 0.71993738822 0.388888888889 0.807879836599 True
ibm-haifa.mq.final.txt 0.543537047052 0.425107937562 0.714285714286 0.718164861285 0.444444444444 0.873028650519 True
ibm-india.subramaniam.geo.txt 0.361817198486 0.287861175689 0.714285714286 0.693985254454 0.5 0.845812400459 True
ibm.smith.vid.txt 0.830178474851 0.696280305546 0.714285714286 0.74897885532 1.0 0.839080654584 True
iir.geo.final.txt 0.247160627366 0.161325141149 0.571428571429 0.740531466339 0.5 0.867713120869 True
iit-delhi-ibm-india.qa.txt 0.455381287182 0.358601793424 0.714285714286 0.719064535019 0.444444444444 0.871917952505 True
IIT-TREC10.txt 0.473769605192 0.365161076054 0.714285714286 0.742287725593 0.611111111111 0.82444927614 True
iit-urbain.geo.txt 0.327203893997 0.20516439721 0.571428571429 0.769754950924 0.444444444444 0.80515185807 True
iit.grossman.txt 0.518117901568 0.398372633677 0.714285714286 0.724994346314 0.444444444444 0.840183169521 True
iit.tera.txt 0.229853975122 0.154267685154 0.571428571429 0.708914285054 0.388888888889 0.851630476576 True
iit.web.txt 0.480800432666 0.381683825971 0.714285714286 0.725673384999 0.444444444444 0.828052703402 True
IJCAI07-032.txt 0.510005408329 0.470358684822 0.857142857143 0.675950090209 0.277777777778 0.866950145276 True
IJCAI07-042.txt 0.52244456463 0.432663566921 0.714285714286 0.700305418781 0.388888888889 0.887595611531 True
IJCAI07-158.txt 0.175770686858 0.102291597476 0.5 0.73634358183 0.444444444444 0.847292200467 True
IJCAI07-170.txt 0.521903731747 0.414812354699 0.714285714286 0.695592383671 0.388888888889 0.860839045786 True
IJCAI07-198.txt 0.658734451055 0.566174028562 0.785714285714 0.719065780502 0.444444444444 0.860778790638 True
IJCAI07-202.txt 0.0573282855598 0.0233311192295 0.357142857143 0.825471698113 0.388888888889 0.769166050261 True
IJCAI07-242.txt 0.052460789616 0.0236632348057 0.357142857143 0.720172895189 0.333333333333 0.76482845775 True
IJCAI07-261.txt 0.465657111952 0.383427432747 0.714285714286 0.671940134061 0.333333333333 0.87810272977 True
IJCAI07-294.txt 0.2990805841 0.186150780472 0.571428571429 0.721399279075 0.333333333333 0.889249207025 True
IJCAI07-304.txt 0.512168739859 0.451926270342 0.785714285714 0.685452484125 0.333333333333 0.867717470352 True
IJCAI07-356.txt 0.625202812331 0.47849551644 0.642857142857 0.714971093161 0.555555555556 0.860704937284 True
IJCAI07-410.txt 0.471606273661 0.399535038193 0.785714285714 0.709791698485 0.388888888889 0.848114917098 True
IJCAI07-454.txt 0.60032449973 0.461142477582 0.714285714286 0.71224092668 0.333333333333 0.881197082227 True
jhu-apl.mayfield.qa.robust.txt 0.256895619254 0.158170043175 0.571428571429 0.714678640166 0.333333333333 0.839044475865 True
jscbt9w_paper.txt 0.3893996755 0.297824642976 0.642857142857 0.716295740934 0.388888888889 0.849987256235 True
jscbtaw.txt 0.500811249324 0.381683825971 0.642857142857 0.739095669644 0.388888888889 0.878655798379 True
kasetsart.txt 0.367225527312 0.273912321488 0.642857142857 0.698518457576 0.333333333333 0.869828126838 True
kasetsartu.txt 0.216333153056 0.142892726669 0.571428571429 0.673774279449 0.388888888889 0.842583818436 True
kobeu.blog.final.txt 0.372093023256 0.238043839256 0.571428571429 0.756314449621 0.555555555556 0.816319037473 True
LEGAL.OVERVIEW16.txt 0.686857760952 0.486300232481 0.642857142857 0.736372104639 0.666666666667 0.83107455971 True
lexiclone.qa.txt 0.566252028123 0.433327798074 0.642857142857 0.682839901768 0.333333333333 0.94668412048 True
limsi-sdr00.txt 0.530016224986 0.420707406177 0.714285714286 0.696998794411 0.388888888889 0.877310045663 True
limsi-tlp.txt 0.6106003245 0.458651610761 0.642857142857 0.69498101837 0.333333333333 0.899494346162 True
lowlands-team.hard.ent.txt 0.0941049215792 0.0462470939887 0.428571428571 0.6808794543 0.277777777778 0.861222130602 True
max-planck-inst.tera.final.txt 0.477014602488 0.368565260711 0.714285714286 0.695394897144 0.333333333333 0.871899866787 True
microsoft-res.qa.txt 0.1557598702 0.0859349053471 0.5 0.741867398213 0.333333333333 0.789997158082 True
natusing.zhang.geo.txt 0.266630611141 0.152274991697 0.5 0.741098189696 0.333333333333 0.820190204054 True
nec.blog.final.txt 0.614926987561 0.515692460976 0.714285714286 0.693548855892 0.388888888889 0.881294895731 True
nii.blog.final.txt 0.276906435911 0.180089671206 0.571428571429 0.711085449537 0.388888888889 0.860108978528 True
northeasternu.mq.final.txt 0.147106544078 0.0849385586184 0.5 0.721169608295 0.388888888889 0.815600043438 True
northeasternu.tera.final.txt 0.358031368307 0.275905014945 0.714285714286 0.69021944268 0.333333333333 0.884235656297 True
NOVELTY.OVERVIEW.txt 0.664142779881 0.559531717038 0.714285714286 0.698923921657 0.333333333333 0.906940249419 True
nsa-schone.qa.txt 0.743104380746 0.632348057124 0.785714285714 0.686552578529 0.388888888889 0.89959241884 True
ntt.genomics.txt 0.392644672796 0.281883095317 0.642857142857 0.748352450841 0.444444444444 0.861671699711 True
ntu.genomics.txt 0.106003244997 0.0475755562936 0.357142857143 0.773427960928 0.388888888889 0.822543649516 True
ntu.geo.final.txt 0.235262303948 0.159747592162 0.571428571429 0.67971798471 0.277777777778 0.865782436926 True
ntu.geo.txt 0.400216333153 0.272500830289 0.571428571429 0.716801565605 0.388888888889 0.841962677727 True
ntu.tera.txt 0.274743104381 0.195699103288 0.642857142857 0.694250311906 0.277777777778 0.853681643135 True
nus-zhang.qa.txt 0.419145484045 0.260212553969 0.571428571429 0.759735072657 0.388888888889 0.849964928407 True
nus.pris.yang.txt 0.501352082207 0.330953171704 0.571428571429 0.747940164787 0.444444444444 0.881186519024 True
opentext.legal.final.txt 0.714440237966 0.571072733311 0.714285714286 0.713118899537 0.388888888889 0.870594786564 True
openu.ent.final.txt 0.098972417523 0.0531384921953 0.428571428571 0.710817245141 0.277777777778 0.823621628853 True
orcltrec10.txt 0.588967009194 0.467286615742 0.714285714286 0.729405448761 0.388888888889 0.821751062987 True
OVERVIEW.11.txt 0.710113574905 0.656592494188 0.857142857143 0.670647414032 0.388888888889 0.929392360944 True
OVERVIEW.12.txt 0.395348837209 0.285453337762 0.642857142857 0.687454517487 0.333333333333 0.884476604325 True
overview.txt 0.752298539751 0.691796745267 0.785714285714 0.669062970328 0.444444444444 0.909838885816 True
OVERVIEW13.txt 0.678745267712 0.601627366323 0.785714285714 0.676256629516 0.388888888889 0.921215667232 True
OVERVIEW14.txt 0.687398593835 0.617153769512 0.785714285714 0.677888700798 0.444444444444 0.902033762758 True
OVERVIEW16.txt 0.799351000541 0.735968116905 0.785714285714 0.676490257776 0.388888888889 0.904858523476 True
p1-ahnA.txt 0.071930773391 0.0302225174361 0.357142857143 0.853014401534 0.444444444444 0.789721541966 True
p1-bernstein.txt 0.76852352623 0.685984722683 0.785714285714 0.696233796457 0.333333333333 0.899583405737 True
p1-borgelt.txt 0.420767982693 0.334108269678 0.714285714286 0.68206863676 0.388888888889 0.864187982664 True
p1-chui.txt 0.617631151974 0.50880106277 0.714285714286 0.696879222556 0.388888888889 0.885712907533 True
p1-goldenberg.txt 0.702001081666 0.633510461641 0.785714285714 0.680043487618 0.333333333333 0.880413022734 True
p1-jagadish.txt 0.789616008653 0.830371969445 0.928571428571 0.685011216008 0.5 0.921456006527 True
p1-johnson.txt 0.190914007572 0.106775157755 0.5 0.745030253402 0.444444444444 0.825182782041 True
p1-mahdian.txt 0.591130340725 0.497509133178 0.714285714286 0.679428478848 0.444444444444 0.940158953992 True
p1-minkov.txt 0.250405624662 0.148289604782 0.5 0.746445966141 0.5 0.787903862126 True
p10-allan.txt 0.23147647377 0.134672866157 0.5 0.736119242779 0.444444444444 0.812949553976 True
p10-amitay.txt 0.325581395349 0.213301228828 0.571428571429 0.72594235475 0.444444444444 0.801437991054 True
p10-melville.txt 0.488372093023 0.459232813019 0.857142857143 0.68408988086 0.388888888889 0.855517849556 True
p10-zhai.txt 0.658193618172 0.583776154102 0.785714285714 0.69118836798 0.444444444444 0.91525451055 True
p1004-zhu.txt 0.877230935641 0.671952839588 0.642857142857 0.725077314154 0.444444444444 0.846428625922 True
p1005-ordonez.txt 0.861005949162 0.907339754234 0.928571428571 0.68838234818 0.444444444444 0.879959500286 True
p1007-heinis.txt 0.704164413196 0.691879774161 0.857142857143 0.679045764847 0.388888888889 0.922874136636 True
p1008-wu.txt 0.474310438075 0.356276984391 0.642857142857 0.736053377234 0.5 0.870387097574 True
p101-newsam.txt 0.335316387236 0.242610428429 0.642857142857 0.70848560156 0.333333333333 0.839056722224 True
p1013-aggarwal.txt 0.459167117361 0.386250415144 0.714285714286 0.669953517735 0.444444444444 0.910662476944 True
p1014.txt 0.141157382369 0.0850215875125 0.5 0.689071863641 0.277777777778 0.804709497791 True
p1016-yang.txt 0.760951865873 0.642394553305 0.714285714286 0.702188062263 0.5 0.881298026694 True
p1016.txt 0.351000540833 0.223264696114 0.571428571429 0.730022684472 0.666666666667 0.849938209415 True
p1017-liu.txt 0.831800973499 0.850049817336 0.928571428571 0.686737464392 0.388888888889 0.887956985317 True
p1018-curry.txt 0.495402920498 0.377615410163 0.642857142857 0.693828621511 0.555555555556 0.903876975088 True
p1019-wu.txt 0.900486749594 0.9134008635 0.928571428571 0.687307274221 0.444444444444 0.884214769247 True
p1020.txt 0.297998918334 0.184158087014 0.571428571429 0.748374168179 0.444444444444 0.859476758386 True
p1023-pan.txt 0.518117901568 0.381434739289 0.642857142857 0.715486700567 0.444444444444 0.864066343831 True
p1028-peng.txt 0.49594375338 0.358269677848 0.642857142857 0.717150641132 0.5 0.860953259454 True
p1029-yang.txt 0.932936722553 0.891813351046 0.857142857143 0.721854088907 0.388888888889 0.855567565883 True
p103-rattenbury.txt 0.782585181179 0.654267685154 0.714285714286 0.724468825981 0.444444444444 0.859924902361 True
p103-xin.txt 0.868577609519 0.906924609764 0.928571428571 0.686987659206 0.333333333333 0.88780965998 True
p1031-braun.txt 0.0313683071931 0.0109598140153 0.285714285714 0.87687789877 0.444444444444 0.793125816591 True
p1031-shen.txt 0.952406706328 1.0 0.928571428571 0.720896310045 0.5 0.869797400989 True
p1032.txt 0.167658193618 0.0942377947526 0.5 0.74177562898 0.333333333333 0.829206217739 True
p1033-rao.txt 0.560302866414 0.389156426436 0.642857142857 0.735404465024 0.5 0.837041939576 True
p1034-yu.txt 0.606273661439 0.499335768848 0.714285714286 0.698918990405 0.388888888889 0.860367490595 True
p104-khmelev.txt 0.367225527312 0.220856858187 0.5 0.726211790938 0.388888888889 0.859533171982 True
p104-kokiopoulou.txt 0.46511627907 0.31368316174 0.571428571429 0.717216420301 0.5 0.890488772521 True
p1041-he.txt 0.432666306111 0.325390235802 0.642857142857 0.708120665154 0.388888888889 0.820164613408 True
p1043-ishida.txt 0.198485667929 0.129525074726 0.571428571429 0.711571354655 0.388888888889 0.847510820548 True
p1043-xu.txt 0.578150351541 0.58087014281 0.928571428571 0.674069896551 0.333333333333 0.912920669144 True
p1043-zeng.txt 0.641968631693 0.555795416805 0.785714285714 0.708519234512 0.388888888889 0.872146223162 True
p1048-yin.txt 0.460789616009 0.378943872468 0.714285714286 0.753179455864 0.611111111111 0.843708056911 True
p1048.txt 0.221200648999 0.136001328462 0.571428571429 0.729526223692 0.388888888889 0.882884670288 True
p105-bhagwat.txt 0.558139534884 0.503902358021 0.785714285714 0.683100080483 0.444444444444 0.91188602545 True
p105-xu.txt 0.442401297999 0.368067087346 0.714285714286 0.697866758142 0.388888888889 0.868131726089 True
p105-zaharioudakis.txt 0.718766901028 0.732314845566 0.928571428571 0.676078030614 0.388888888889 0.900294197655 True
p1051-zhang.txt 0.625743645214 0.578130189306 0.857142857143 0.70256378169 0.444444444444 0.862944456721 True
p1053-campbell.txt 0.730124391563 0.59930255729 0.714285714286 0.696073451757 0.333333333333 0.865430167179 True
p1053-chakkappen.txt 0.708491076257 0.6871471272 0.857142857143 0.685457172112 0.388888888889 0.923234736765 True
p1053-parthasarathy.txt 0.431584640346 0.261291929591 0.5 0.742807785356 0.444444444444 0.84240907724 True
p1054.txt 0.278528934559 0.177764862172 0.571428571429 0.760090838402 0.555555555556 0.819506031075 True
p106-chen.txt 0.641968631693 0.574559946862 0.785714285714 0.689126287545 0.388888888889 0.909767220081 True
p1061-liA.txt 0.248783126014 0.147874460312 0.5 0.713835705377 0.333333333333 0.867770013068 True
p1062.txt 0.0616549486209 0.0249916971106 0.357142857143 0.779713618486 0.333333333333 0.746401166585 True
p1064-he.txt 0.287723093564 0.193872467619 0.571428571429 0.690651932916 0.388888888889 0.889654847232 True
p107-babu.txt 0.817739318551 0.854035204251 0.928571428571 0.685061323151 0.388888888889 0.900196908092 True
p107-roelleke.txt 0.585722011898 0.479740949851 0.714285714286 0.694455111739 0.333333333333 0.913022868589 True
p107-varde.txt 0.461330448891 0.346396545998 0.642857142857 0.730349577437 0.388888888889 0.871013383045 True
p107-zhang.txt 0.488372093023 0.334191298572 0.571428571429 0.73910725233 0.388888888889 0.811170482225 True
p1070-castro.txt 0.358031368307 0.227748256393 0.571428571429 0.746298217629 0.5 0.84164313216 True
p1071-sekine.txt 0.283396430503 0.159000332116 0.5 0.76080451885 0.388888888889 0.8631432611 True
p1073-larson.txt 0.0367766360195 0.0132015941548 0.285714285714 0.954784899034 0.5 0.756272616141 True
p1075-lee.txt 0.776095186587 0.767934241116 0.857142857143 0.680530346472 0.333333333333 0.883062704333 True
p108-jakulin.txt 0.784207679827 0.664065094653 0.785714285714 0.682665363747 0.444444444444 0.909669023968 True
p1087-blakeley.txt 0.128177393186 0.0675855197609 0.428571428571 0.733610306563 0.333333333333 0.797181038157 True
p1088.txt 0.0178474851271 0.00672534041847 0.285714285714 0.640190972222 0.222222222222 0.906720470722 True
p1089-muller.txt 0.361817198486 0.27640318831 0.642857142857 0.691668326277 0.333333333333 0.867712133543 True
p109-el-hajj.txt 0.711195240671 0.69594818997 0.857142857143 0.680636216585 0.388888888889 0.923351334634 True
p109-evgeniou.txt 0.0973499188751 0.0408502158751 0.357142857143 0.908774958618 0.611111111111 0.770121677989 True
p109-rowe.txt 0.604110329908 0.454915310528 0.642857142857 0.69807732392 0.333333333333 0.886369721363 True
p1093-parikh.txt 0.38723634397 0.259382265028 0.571428571429 0.74887112422 0.722222222222 0.846705069855 True
p1097-zheng.txt 0.343969713359 0.254068415809 0.642857142857 0.715820199657 0.5 0.832703745395 True
p1099-ndi.txt 0.269875608437 0.177349717702 0.571428571429 0.696355897873 0.333333333333 0.868838598305 True
p1099-olston.txt 1.0 0.958070408502 0.857142857143 0.700250971724 0.444444444444 0.878551574413 True
p11-bast.txt 0.699296917253 0.624460312189 0.785714285714 0.684496097407 0.333333333333 0.926138109301 True
p11-kumaran.txt 0.640346133045 0.533460644304 0.714285714286 0.690716819022 0.333333333333 0.916136784869 True
p11-kuo.txt 0.574905354246 0.397459315842 0.642857142857 0.732887359532 0.5 0.878654289303 True
p11-turpin.txt 0.329367225527 0.246263699768 0.642857142857 0.701681522862 0.388888888889 0.851085815497 True
p110-wang.txt 0.752298539751 0.731401527732 0.857142857143 0.711664044034 0.444444444444 0.878123566345 True
p1100-brenna.txt 0.361276365603 0.235636001328 0.571428571429 0.730933653682 0.388888888889 0.847593183735 True
p1100.txt 0.148188209843 0.0777980737297 0.428571428571 0.702813761664 0.277777777778 0.91129829969 True
p1106.txt 0.242833964305 0.146545998007 0.5 0.7623225637 0.444444444444 0.799967970784 True
p1108.txt 0.234180638183 0.136333444039 0.5 0.756505293424 0.444444444444 0.793630156996 True
p111-bennett.txt 0.720930232558 0.619229491863 0.785714285714 0.693804093384 0.444444444444 0.894860831723 True
P111.txt 0.814494321255 0.756642311524 0.857142857143 0.726914692651 0.833333333333 0.900582540203 True
p1113-lu.txt 0.326122228231 0.232729990037 0.642857142857 0.691134409624 0.5 0.902644706274 True
p1116-ennals.txt 0.149810708491 0.0930753902358 0.571428571429 0.689607531523 0.333333333333 0.81345385881 True
p112-tang.txt 0.396971335857 0.251909664563 0.571428571429 0.724598622361 0.333333333333 0.859305072222 True
p1122-beeri.txt 0.280151433207 0.17793091996 0.571428571429 0.723821534992 0.444444444444 0.821744157415 True
p1123-gedik.txt 0.492698756084 0.346313517104 0.642857142857 0.707866159636 0.388888888889 0.869066147594 True
p1128.txt 0.266630611141 0.176436399867 0.571428571429 0.718618415266 0.444444444444 0.836609781874 True
p113-chaovalitwongse.txt 0.513791238507 0.354699435404 0.571428571429 0.720528187566 0.555555555556 0.857855505957 True
p113-zha.txt 0.685235262304 0.533543673198 0.714285714286 0.707499842583 0.333333333333 0.907467341513 True
p1134.txt 0.222823147647 0.140983062106 0.571428571429 0.680597140529 0.388888888889 0.913611849063 True
p1137-jankowskiA.txt 0.286641427799 0.167303221521 0.5 0.716820629882 0.388888888889 0.877192563273 True
p114-xue.txt 0.183883180097 0.104782464298 0.5 0.730960618023 0.444444444444 0.851615173243 True
p1140.txt 0.25202812331 0.15949850548 0.571428571429 0.731700047687 0.388888888889 0.798670784521 True
p1145-holzingerA.txt 0.307193077339 0.175689139821 0.5 0.751135866123 0.444444444444 0.853531508103 True
p1147-nambiar.txt 0.537047052461 0.399618067087 0.642857142857 0.709118948567 0.388888888889 0.860160760701 True
p115-luo.txt 0.276365603029 0.16298571903 0.5 0.772086802758 0.388888888889 0.807845676607 True
p1153-qi.txt 0.027041644132 0.0106276984391 0.357142857143 0.659863945578 0.277777777778 0.999999999999 True
p1158.txt 0.281233098972 0.161325141149 0.5 0.724884284991 0.388888888889 0.86823157653 True
p1159-galanis.txt 0.693888588426 0.673364330787 0.857142857143 0.677219874259 0.333333333333 0.930550371491 True
p116-davis.txt 0.782044348296 0.713716373298 0.785714285714 0.692195817999 0.333333333333 0.919157223684 True
p1162.txt 0.270957274202 0.171952839588 0.571428571429 0.717729125083 0.444444444444 0.858792213236 True
p1164.txt 0.261763115197 0.149618067087 0.5 0.755138375568 0.555555555556 0.840403049938 True
p1170.txt 0.0259599783667 0.00971438060445 0.285714285714 0.734153368794 0.333333333333 0.907464021071 True
p1171-simmen.txt 0.567333693889 0.464214546662 0.714285714286 0.679963533821 0.333333333333 0.889016892305 True
p1174.txt 0.288263926447 0.170458319495 0.5 0.731678663121 0.444444444444 0.882532753805 True
p1177-antonellisA.txt 0.265548945376 0.176768515443 0.571428571429 0.706137342921 0.388888888889 0.85129541803 True
p118-faloutsos.txt 0.308815575987 0.191132514115 0.571428571429 0.737241527637 0.388888888889 0.822963015967 True
p118-jaroszewicz.txt 0.541914548405 0.444287612089 0.714285714286 0.706230417121 0.388888888889 0.856053178679 True
p1182.txt 0.275824770146 0.17402856194 0.571428571429 0.735753576152 0.5 0.849999453219 True
p1183-ma.txt 0.672255273121 0.586183992029 0.785714285714 0.703993693184 0.388888888889 0.84137610681 True
p119-babcock.txt 0.14548404543 0.0701594154766 0.428571428571 0.803732845993 0.5 0.847107680836 True
p119-etzioni.txt 0.808004326663 0.740617734972 0.785714285714 0.695963367125 0.444444444444 0.88213231282 True
p119-he.txt 0.586262844781 0.470773829293 0.714285714286 0.697060208137 0.333333333333 0.87535721341 True
p119-jeon.txt 0.464034613304 0.395881766855 0.785714285714 0.676306445888 0.333333333333 0.896219463368 True
p119-lerman.txt 0.776095186587 0.782464297576 0.928571428571 0.68272044888 0.444444444444 0.902440670626 True
p1191-zhuA.txt 0.275283937263 0.186648953836 0.571428571429 0.705914358477 0.333333333333 0.851762708218 True
p1195-aulbach.txt 0.779881016766 0.650863500498 0.714285714286 0.710125007098 0.388888888889 0.859826576648 True
p12-afrati.txt 0.645213628989 0.584523414148 0.785714285714 0.675000887799 0.388888888889 0.93932676985 True
p1207-fang.txt 0.385613845322 0.248422451013 0.571428571429 0.733828205845 0.5 0.840563796169 True
p121-ghinita.txt 0.946998377501 0.907007638658 0.857142857143 0.688636255473 0.388888888889 0.879359989862 True
p121-hardy.txt 0.462952947539 0.314928595151 0.571428571429 0.737625902926 0.444444444444 0.868410941844 True
p121-li.txt 0.898864250946 0.906924609764 0.928571428571 0.670814161651 0.333333333333 0.922487712057 True
p121-luA.txt 0.846944294213 0.754898704749 0.785714285714 0.702117990526 0.333333333333 0.903942703148 True
p1217-albright.txt 0.4548404543 0.35544669545 0.714285714286 0.705658241795 0.444444444444 0.83730702786 True
p122-canny.txt 0.665765278529 0.605114579874 0.785714285714 0.685308972809 0.5 0.897268594759 True
p1229-ghosh.txt 0.0373174689021 0.0133676519429 0.285714285714 1.00048397982 0.555555555556 0.906403856071 True
p123-chen.txt 0.640346133045 0.49651278645 0.714285714286 0.710793863588 0.444444444444 0.897098501992 True
p1231-taherA.txt 0.247701460249 0.155264031883 0.571428571429 0.724228720948 0.333333333333 0.847522544162 True
p1235-liA.txt 0.0508382909681 0.0185984722683 0.285714285714 0.863050979944 0.5 0.74806692175 True
p124-chen.txt 0.611141157382 0.513367651943 0.714285714286 0.701916375339 0.444444444444 0.892958151517 True
p1247-bollacker.txt 0.207679826933 0.103287944205 0.428571428571 0.778721476556 0.5 0.797416331736 True
p1263-shengA.txt 0.310438074635 0.17137163733 0.5 0.749278090434 0.611111111111 0.859482056031 True
p1265-bizer.txt 0.219578150352 0.120724011956 0.5 0.748909743761 0.555555555556 0.825302398532 True
p127-blei.txt 0.0373174689021 0.0141149119894 0.285714285714 0.794681550156 0.333333333333 0.843645848784 True
p127-turpin.txt 0.303948080043 0.184241115908 0.5 0.710060424741 0.333333333333 0.865555781796 True
p1275-wenyin.txt 0.154678204435 0.076801727001 0.428571428571 0.788930550444 0.5 0.765143980724 True
p1281-alexe.txt 0.460789616009 0.360096313517 0.714285714286 0.710117170906 0.444444444444 0.838463721364 True
p129-slonim.txt 0.632233639805 0.530803719694 0.714285714286 0.69603561346 0.388888888889 0.875430212465 True
p13-balazinska.txt 0.849107625744 0.940966456327 1.0 0.688309245006 0.444444444444 0.907158500148 True
p13-chukmol.txt 0.450513791239 0.351544337429 0.714285714286 0.693971248355 0.277777777778 0.836339628585 True
p13-taylor.txt 0.852893455922 0.822733311192 0.857142857143 0.70474318963 0.388888888889 0.881649186272 True
p130-lau.txt 0.196863169281 0.116987711724 0.5 0.724764503174 0.444444444444 0.825265185638 True
p130-xi.txt 0.234721471065 0.12877781468 0.5 0.771826764118 0.333333333333 0.8441707379 True
p131-shen.txt 0.598702001082 0.535121222185 0.785714285714 0.672988616879 0.388888888889 0.90130498723 True
p131-skobeltsyn.txt 0.610059491617 0.570740617735 0.857142857143 0.673498132293 0.333333333333 0.907181851656 True
p131-vlachos.txt 0.875608436993 0.75572899369 0.785714285714 0.69967045607 0.444444444444 0.916178248428 True
p1323-amer-yahia.txt 0.381828015143 0.301477914314 0.714285714286 0.690673156129 0.388888888889 0.853030640401 True
p1327-boim.txt 0.410492157923 0.294337429425 0.642857142857 0.70105939949 0.444444444444 0.86484973901 True
p133-chen.txt 0.650081124932 0.568747924278 0.785714285714 0.701419305667 0.611111111111 0.923763792497 True
p133-liu.txt 0.817739318551 0.810278977084 0.857142857143 0.675255768763 0.388888888889 0.933148396443 True
p134-chen.txt 0.052460789616 0.0226668880771 0.357142857143 0.760835033648 0.333333333333 0.743768629807 True
p1345-davidson.txt 0.497025419145 0.357605446695 0.642857142857 0.701850948032 0.388888888889 0.874111788447 True
p135-westerveld.txt 0.534342888048 0.445200929924 0.714285714286 0.694491445471 0.388888888889 0.887474976074 True
p1351-oneil.txt 0.587885343429 0.41912985719 0.642857142857 0.714989989259 0.5 0.860880706157 True
p137-kawatani.txt 0.491617090319 0.427847891066 0.785714285714 0.721809630486 0.611111111111 0.888345541989 True
p137-kempe.txt 0.865873445105 0.879275988044 0.928571428571 0.67067823821 0.388888888889 0.935055441128 True
p138-fan.txt 0.589507842077 0.498256393225 0.785714285714 0.712271537308 0.388888888889 0.871625983598 True
p138-gade.txt 0.723093564089 0.683576884756 0.857142857143 0.67341592992 0.388888888889 0.892976920331 True
p138-kubica.txt 0.714440237966 0.687064098306 0.857142857143 0.677741050742 0.333333333333 0.910647674764 True
p138-seki.txt 0.708491076257 0.603703088675 0.785714285714 0.717483688479 0.5 0.83437946402 True
p139-brisaboa.txt 0.694429421309 0.637495848555 0.785714285714 0.698928227302 0.333333333333 0.895901420111 True
p139-kim.txt 0.692266089778 0.640401859847 0.857142857143 0.692734548068 0.444444444444 0.913566980661 True
p139-lillis.txt 0.471606273661 0.435569578213 0.857142857143 0.685377035956 0.388888888889 0.89743010358 True
p139-yu.txt 0.158464034613 0.0836931252076 0.428571428571 0.761471287811 0.388888888889 0.822082671985 True
p141-dzhou.txt 0.719848566793 0.660411823315 0.785714285714 0.677399911782 0.444444444444 0.918001597868 True
p142-cho.txt 0.79502433748 0.632929259382 0.714285714286 0.715170158715 0.388888888889 0.857632266068 True
p143-bohannon.txt 1.00703082747 0.994520092992 0.857142857143 0.700870173149 0.611111111111 0.946172446905 True
p143-chew.txt 0.734451054624 0.613500498173 0.714285714286 0.714807506867 0.444444444444 0.926737140297 True
p143-cong.txt 0.813412655489 0.825390235802 0.928571428571 0.691419456816 0.388888888889 0.931180416095 True
p143-ogilvie.txt 0.547863710114 0.508635004982 0.857142857143 0.687835863517 0.388888888889 0.878932530191 True
p145-wang.txt 0.751216873986 0.712470939887 0.857142857143 0.705614120035 0.444444444444 0.88169181571 True
p146-bekkerman.txt 0.653866955111 0.518681501162 0.714285714286 0.730806832768 0.611111111111 0.867955001124 True
p147-agrawal.txt 1.03028664143 1.02607107273 0.857142857143 0.694257484818 0.5 0.928310364675 True
p148-he.txt 0.817739318551 0.797077382929 0.857142857143 0.707200875239 0.388888888889 0.861388566604 True
p15-bai.txt 0.0621957815035 0.0260710727333 0.357142857143 0.843861238241 0.555555555556 0.814296831608 True
p15-gancarski.txt 0.477014602488 0.360677515775 0.642857142857 0.700961547124 0.444444444444 0.900457228845 True
p15-u.txt 0.960519199567 0.95516439721 0.857142857143 0.70167636827 0.444444444444 0.892856782468 True
p151-carmel.txt 0.653866955111 0.537446031219 0.714285714286 0.720148891363 0.555555555556 0.872357478426 True
p151-christen.txt 0.66197944835 0.63616738625 0.857142857143 0.705424046663 0.388888888889 0.895681395906 True
p151-crammer.txt 0.107084910763 0.0544669545002 0.428571428571 0.722017659676 0.333333333333 0.846436364763 True
p151-keogh.txt 0.819902650081 0.745184324145 0.785714285714 0.705472530268 0.5 0.879276206101 True
p151-qi.txt 0.24175229854 0.132846230488 0.5 0.74437716733 0.333333333333 0.807752162148 True
p151-teevan.txt 0.74580854516 0.676104284291 0.785714285714 0.703550188079 0.333333333333 0.903686930054 True
p153-chi.txt 0.275283937263 0.165393556958 0.5 0.752149868637 0.5 0.811012933028 True
p154-ando.txt 0.75608436993 0.581451345068 0.714285714286 0.745502488642 0.722222222222 0.847298038576 True
p154-diaz.txt 0.572201189832 0.472932580538 0.714285714286 0.707550825385 0.444444444444 0.888170746918 True
p154-rogati.txt 0.578150351541 0.457489206244 0.714285714286 0.712590483394 0.444444444444 0.877489775503 True
p155-fuxman.txt 0.703623580314 0.713052142145 0.928571428571 0.674263756676 0.388888888889 0.943129718132 True
p155-xu.txt 0.697133585722 0.6019594819 0.785714285714 0.703587661243 0.333333333333 0.879232341945 True
p157-forman.txt 0.869118442401 0.818083693125 0.857142857143 0.701947917256 0.5 0.876513980812 True
p157-lazarevic.txt 0.625743645214 0.570159415477 0.785714285714 0.704483575104 0.388888888889 0.866874224749 True
p157-mamoulis.txt 0.845862628448 0.942627034208 1.0 0.6657803433 0.333333333333 0.904137875759 True
p157-pampalk.txt 0.707950243375 0.640817004318 0.785714285714 0.667295388061 0.388888888889 0.893021048296 True
p157-silberstein.txt 1.10113574905 1.19420458319 1.0 0.677384399603 0.333333333333 0.921060085562 True
p158-horvath.txt 0.78474851271 0.719196280306 0.785714285714 0.706479924666 0.611111111111 0.895194927089 True
p191-ntoulas.txt 0.659275283937 0.672534041847 0.928571428571 0.668979512378 0.277777777778 0.912921075149 True
p191-zhou.txt 0.267171444024 0.165144470276 0.571428571429 0.714327508192 0.333333333333 0.840576619178 True
p193-rusu.txt 0.785289345592 0.840999667884 0.928571428571 0.6624684205 0.333333333333 0.932281205223 True
p194-gao.txt 0.68036776636 0.598638326137 0.785714285714 0.713962527915 0.5 0.884961486537 True
p194-kurland.txt 0.751216873986 0.604367319827 0.714285714286 0.756849934714 1.05555555556 0.884942426951 True
p194-sun.txt 0.586803677664 0.543507140485 0.857142857143 0.685792525408 0.388888888889 0.877834258553 True
p197-horvath.txt 0.721471065441 0.676270342079 0.857142857143 0.699262088292 0.444444444444 0.928710799944 True
p197-jin.txt 0.353163872363 0.23156758552 0.571428571429 0.744540789404 0.444444444444 0.821010535986 True
p197-tantrum.txt 0.121146565711 0.0552142145467 0.357142857143 0.819599315343 0.5 0.848161602846 True
p198-lee.txt 0.565170362358 0.468781135835 0.714285714286 0.718996147195 0.388888888889 0.904286143299 True
p198-mei.txt 0.990805840995 0.772832945865 0.714285714286 1.04649289524 0.777777777778 0.857520429283 True
p198-nanas.txt 0.535965386696 0.471770176021 0.785714285714 0.670958661625 0.388888888889 0.904887447784 True
p199-deshpande.txt 1.02109248242 0.94818997011 0.857142857143 0.680991086192 0.333333333333 0.903196484142 True
p199-pantel.txt 0.634937804218 0.478329458652 0.642857142857 0.808681171281 1.0 0.810773370692 True
p199-sun.txt 0.591671173607 0.571155762205 0.857142857143 0.698166128228 0.444444444444 0.884491901733 True
p199-wichterich.txt 0.905895078421 0.828047160412 0.785714285714 0.706666971296 0.388888888889 0.895377869171 True
p2-abe.txt 0.128718226068 0.0606110926602 0.428571428571 0.765755933175 0.388888888889 0.849035850257 True
p2-croft.txt 0.28069226609 0.174111590834 0.571428571429 0.726603978049 0.444444444444 0.828346436393 True
p20-agichtein.txt 0.843699296917 0.812105612753 0.857142857143 0.695237245961 0.444444444444 0.867417819505 True
p201-culotta.txt 0.0383991346674 0.0139488542013 0.285714285714 0.868649396378 0.388888888889 0.712413566144 True
p202-xu.txt 0.577609518659 0.476004649618 0.714285714286 0.697693151251 0.555555555556 0.914484600666 True
p203-ilyas.txt 0.759870200108 0.802557289937 0.928571428571 0.663768501198 0.388888888889 0.934069442112 True
p203-wu.txt 0.73769605192 0.63002324809 0.785714285714 0.710308795987 0.444444444444 0.859268407502 True
p204-deraedt.txt 0.742022714981 0.645632680173 0.785714285714 0.71842976015 0.5 0.902192486225 True
p205-belkin.txt 0.499729583559 0.416223845898 0.714285714286 0.705441247915 0.333333333333 0.866297459127 True
p205-spiegel.txt 0.839372633856 0.895798737961 0.928571428571 0.650704130857 0.333333333333 0.928730329242 True
p206-keogh.txt 0.333693888588 0.212221853205 0.571428571429 0.732725751086 0.555555555556 0.845668984797 True
p206-vaidya.txt 0.813412655489 0.710644304218 0.785714285714 0.718878436979 0.444444444444 0.874050344137 True
p207-bennett.txt 0.680908599243 0.586682165394 0.785714285714 0.682706400509 0.333333333333 0.879626704388 True
p207-he.txt 0.67009194159 0.530554633012 0.714285714286 0.722570249863 0.444444444444 0.893753183739 True
p207-ihler.txt 0.788534342888 0.683576884756 0.785714285714 0.695951554296 0.333333333333 0.877993402543 True
p208-liu.txt 0.708491076257 0.741946197277 0.928571428571 0.692289580648 0.611111111111 0.932617185799 True
p208-merugu.txt 0.735532720389 0.670209232813 0.785714285714 0.69597630719 0.444444444444 0.899103341759 True
p21-murdock.txt 0.55327203894 0.489289272667 0.785714285714 0.676180261838 0.444444444444 0.914567161835 True
p210-dai.txt 0.60032449973 0.513450680837 0.785714285714 0.702180003493 0.333333333333 0.877047277332 True
p210-mckeown.txt 0.627366143862 0.56634008635 0.785714285714 0.692803555756 0.388888888889 0.911748217072 True
p210-zeng.txt 0.588967009194 0.460976419794 0.714285714286 0.741146740635 0.555555555556 0.831647161767 True
p211-akbarinia.txt 0.687398593835 0.704168050482 0.928571428571 0.677989694394 0.333333333333 0.894915680116 True
p212-han.txt 0.526230394808 0.428927266689 0.714285714286 0.692896410385 0.388888888889 0.921213492631 True
p213-elkan.txt 0.566252028123 0.511291929591 0.785714285714 0.69484820891 0.333333333333 0.898831552252 True
p213-lian.txt 0.227690643591 0.131185652607 0.5 0.766472142103 0.444444444444 0.804508300691 True
p213-ruthven.txt 0.508382909681 0.510295582863 0.928571428571 0.679230016843 0.444444444444 0.900342801923 True
p215-bahle.txt 0.542455381287 0.467784789107 0.785714285714 0.691528831669 0.333333333333 0.91656096944 True
p215-govindaraju.txt 0.819361817198 0.818830953172 0.928571428571 0.683346839473 0.388888888889 0.923550788335 True
p216-kumar.txt 1.06489994592 0.816090999668 0.642857142857 0.74815880265 0.5 0.90736483365 True
p216-vlachos.txt 0.772850189292 0.67485885088 0.785714285714 0.696678251427 0.444444444444 0.914162377817 True
p217-he.txt 1.00270416441 0.948854201262 0.857142857143 0.726308790492 0.5 0.866529746961 True
p217-joachims.txt 0.652785289346 0.560445034872 0.785714285714 0.707830934735 0.333333333333 0.874160971203 True
p217-kifer.txt 0.915630070308 0.939637994022 0.928571428571 0.680891587853 0.444444444444 0.939413562812 True
p218-crapo.txt 0.306111411574 0.165725672534 0.5 0.752160271845 0.388888888889 0.81991678401 True
p218-li.txt 0.674959437534 0.506227167054 0.642857142857 0.711497591549 0.5 0.90362827682 True
p218-neill.txt 0.831260140617 0.86997675191 0.928571428571 0.69843668108 0.388888888889 0.873697971985 True
p219-wang.txt 0.583558680368 0.576137495849 0.857142857143 0.714149770195 0.5 0.89565756875 True
p22-fan.txt 0.567874526771 0.450929923613 0.714285714286 0.716151625887 0.555555555556 0.856819570507 True
p22.txt 0.0497566252028 0.0200929923613 0.357142857143 0.794749860647 0.333333333333 0.838342971904 True
p220-das.txt 0.717685235262 0.655430089671 0.785714285714 0.697724956647 0.444444444444 0.899582691021 True
p220-harabagiu.txt 0.705246078962 0.622550647625 0.785714285714 0.749631461905 0.777777777778 0.899449450508 True
p221-dupret.txt 0.497025419145 0.382348057124 0.714285714286 0.682029275056 0.333333333333 0.920013354994 True
p221-eshghi.txt 0.60032449973 0.523580205912 0.785714285714 0.681175568039 0.333333333333 0.916075419475 True
p222-scholer.txt 0.6230394808 0.63184988376 0.928571428571 0.660560377877 0.277777777778 0.943236179388 True
p223-crainiceanu.txt 0.846944294213 0.8519594819 0.928571428571 0.687700020538 0.388888888889 0.917178264987 True
p223-huffman.txt 0.677663601947 0.590169378944 0.785714285714 0.698203504879 0.333333333333 0.864049174128 True
p223.txt 0.667928610059 0.58967120558 0.785714285714 0.717843593681 0.555555555556 0.828988797825 True
p23-wu.txt 0.711195240671 0.751411491199 0.928571428571 0.687149986593 0.444444444444 0.902478041816 True
p230-possas.txt 0.58193618172 0.513699767519 0.785714285714 0.678969536181 0.388888888889 0.917770155483 True
p231-broder.txt 0.783666846944 0.676021255397 0.785714285714 0.700611329637 0.333333333333 0.90898317832 True
p232-mcdonald.txt 0.703623580314 0.606276984391 0.785714285714 0.707639833264 0.444444444444 0.864161800877 True
p234-mladenic.txt 0.593834505138 0.532796413152 0.785714285714 0.696286918316 0.555555555556 0.898155205513 True
p235-geambasu.txt 0.958355868037 0.931916306875 0.857142857143 0.711733902936 0.611111111111 0.893848994247 True
p235-lee.txt 0.490535424554 0.43100298904 0.785714285714 0.694218805903 0.277777777778 0.915115182858 True
p236-mamoulis.txt 0.837209302326 0.808950514779 0.857142857143 0.699229857168 0.5 0.904872843005 True
p236-wang.txt 0.615467820443 0.547575556294 0.785714285714 0.759466394777 0.611111111111 0.905054940559 True
p236-yang.txt 0.645754461871 0.560860179342 0.785714285714 0.67459895407 0.333333333333 0.89919475999 True
p237-knobbe.txt 0.608977825852 0.511541016274 0.714285714286 0.700035770673 0.388888888889 0.872390490402 True
p238-canny.txt 0.235803136831 0.124543341083 0.428571428571 0.798556188267 0.444444444444 0.798656414352 True
p239-bose.txt 0.933477555435 0.812188641647 0.785714285714 0.728507348537 0.388888888889 0.907209043917 True
p239-consens.txt 0.866414277988 0.823314513451 0.857142857143 0.690188511628 0.5 0.90630723687 True
p239-forman.txt 0.79502433748 0.697857854533 0.785714285714 0.701352613884 0.444444444444 0.874536251416 True
p24-chawla.txt 0.621416982153 0.555380272335 0.785714285714 0.687549893787 0.388888888889 0.888090611756 True
p24-ge.txt 0.586262844781 0.503819329127 0.785714285714 0.701934596822 0.444444444444 0.878527888695 True
p240-davidson.txt 0.64954029205 0.646878113584 0.857142857143 0.683750592677 0.555555555556 0.911407381661 True
p241-cohen.txt 0.869118442401 0.936981069412 1.0 0.667609358044 0.333333333333 0.928109777844 True
p241-manjhi.txt 0.891833423472 0.784623048821 0.785714285714 0.707392742623 0.388888888889 0.906876991211 True
p242-shen.txt 0.687939426717 0.579541680505 0.714285714286 0.705490526451 0.388888888889 0.871128756532 True
p242-theobald.txt 0.753921038399 0.620973098638 0.714285714286 0.706757531423 0.388888888889 0.872108954198 True
p243-cao.txt 0.644131963223 0.58967120558 0.785714285714 0.710404333858 0.444444444444 0.903483813268 True
p243-soboroff.txt 0.676581936182 0.593905679176 0.785714285714 0.69589028777 0.333333333333 0.93562580599 True
p244-jindal.txt 0.414818820984 0.294254400531 0.642857142857 0.739305648696 0.444444444444 0.830888625742 True
p251-agrawal.txt 0.669551108707 0.634257721687 0.857142857143 0.685072723475 0.333333333333 0.932958400957 True
p251-brantner.txt 0.967550027042 1.05073065427 1.0 0.667885417826 0.388888888889 0.940894209737 True
p251-iwayama.txt 0.521903731747 0.381268681501 0.642857142857 0.739907951361 0.5 0.82752199683 True
p251-jagadish.txt 0.934559221201 0.846811690468 0.785714285714 0.701455718779 0.333333333333 0.935164215051 True
p252-forman.txt 0.689021092482 0.562022583859 0.714285714286 0.71050243546 0.388888888889 0.851289855088 True
p253-babcock.txt 0.884802595998 0.896961142478 0.928571428571 0.684247064955 0.444444444444 0.919809521037 True
p253-petropoulos.txt 0.953488372093 0.934407173696 0.857142857143 0.693928597335 0.388888888889 0.896701892356 True
p255-white.txt 0.674959437534 0.602623713052 0.785714285714 0.698251324011 0.333333333333 0.891159698362 True
p256-gallagher.txt 0.687939426717 0.582281634009 0.785714285714 0.708135104356 0.388888888889 0.875186828464 True
p256-neill.txt 0.825310978908 0.842909332448 0.928571428571 0.693277587392 0.444444444444 0.900612971394 True
p256-sandler.txt 0.762033531639 0.679425440053 0.785714285714 0.730824882267 0.611111111111 0.862977352259 True
p256-webb.txt 0.723093564089 0.679508468947 0.857142857143 0.677431015867 0.333333333333 0.937598909052 True
p257-kumar.txt 0.310438074635 0.19818997011 0.571428571429 0.704756533354 0.388888888889 0.846945092371 True
p258-kim.txt 0.586262844781 0.535370308867 0.785714285714 0.693715970228 0.388888888889 0.872468746435 True
p258-ng.txt 0.0594916170903 0.0234141481235 0.357142857143 0.855226577704 0.388888888889 0.777833245093 True
p258-yu.txt 0.596538669551 0.49692793092 0.714285714286 0.701917041133 0.444444444444 0.870458154294 True
p259-guiver.txt 0.181719848567 0.103869146463 0.5 0.733238569059 0.388888888889 0.853754333377 True
p26-nomoto.txt 0.684153596539 0.540850215875 0.714285714286 0.702142916333 0.5 0.89779772201 True
p26-talbert.txt 0.477014602488 0.405928263036 0.785714285714 0.686476192192 0.333333333333 0.891244094174 True
p26-whittaker.txt 0.684694429421 0.590252407838 0.785714285714 0.700462603055 0.333333333333 0.856502566563 True
p260-ding.txt 0.697133585722 0.541182331451 0.714285714286 0.706535291453 0.444444444444 0.908730709988 True
p265-ganta.txt 0.757706868578 0.632514114912 0.714285714286 0.732304040906 0.666666666667 0.85208121245 True
p265-ipeirotis.txt 0.864250946458 0.880189305878 0.928571428571 0.674486764856 0.388888888889 0.932746567644 True
p265-lupu.txt 0.529475392104 0.387578877449 0.642857142857 0.710467708727 0.388888888889 0.862989578636 True
p265-scholz.txt 0.780962682531 0.728329458652 0.857142857143 0.69598117988 0.5 0.887658264984 True
p266-ramakrishnan.txt 0.905354245538 0.693706409831 0.642857142857 0.774836572339 0.944444444444 0.860368857084 True
p267-latecki.txt 0.681990265008 0.591912985719 0.785714285714 0.696634825179 0.388888888889 0.883157914873 True
p267-manmatha.txt 0.560302866414 0.588508801063 0.928571428571 0.663223879936 0.388888888889 0.901535879291 True
p269-gou.txt 0.791779340184 0.805048156759 0.928571428571 0.704093261828 0.388888888889 0.878542163221 True
p269-xu.txt 0.555435370471 0.456326801727 0.714285714286 0.709185131723 0.388888888889 0.858231394203 True
p27-amini.txt 0.870740941049 0.764779143142 0.785714285714 0.692690097562 0.333333333333 0.896688702721 True
p27-kalashnikov.txt 0.295294753921 0.189139820658 0.571428571429 0.700694724491 0.333333333333 0.849074458385 True
p27-kraaij.txt 0.637641968632 0.572235137828 0.785714285714 0.68215133145 0.333333333333 0.915595324241 True
p27-minkov.txt 0.648458626284 0.540019926935 0.714285714286 0.723669061655 0.5 0.83445503725 True
p270-dou.txt 0.705786911844 0.594320823647 0.714285714286 0.727578812417 0.388888888889 0.860485961879 True
p271-chen.txt 0.81557598702 0.794669545002 0.857142857143 0.692145347573 0.388888888889 0.91014549305 True
p274-ganti.txt 0.0540832882639 0.0206741946197 0.285714285714 0.822916666667 0.388888888889 0.687360684559 True
p274-zhu.txt 0.67820443483 0.507389571571 0.642857142857 0.733004213598 0.722222222222 0.881646611878 True
p275-haas.txt 0.838831800973 0.776569246098 0.857142857143 0.688617255257 0.333333333333 0.911313162497 True
p275-jahangiri.txt 0.705246078962 0.704915310528 0.928571428571 0.667451893008 0.388888888889 0.90833955773 True
p275-silva.txt 0.399134667388 0.302723347725 0.642857142857 0.705926782385 0.388888888889 0.865969820614 True
p276-aslam.txt 0.33802055165 0.211972766523 0.571428571429 0.750837339744 0.5 0.791352092912 True
p276-shavlik.txt 0.829637641969 0.768266356692 0.857142857143 0.707965254053 0.5 0.867754696351 True
p277-benedikt.txt 0.664683612764 0.584440385254 0.785714285714 0.705840890257 0.388888888889 0.891382718692 True
p277-chen.txt 0.0448891292591 0.0212553968781 0.428571428571 0.695923939661 0.277777777778 0.770335315901 True
p277-lefevre.txt 0.787452677123 0.673032215211 0.785714285714 0.722730005712 0.444444444444 0.833823718511 True
p279-wu.txt 1.00594916171 0.956741946197 0.857142857143 0.694272728237 0.388888888889 0.917964268718 True
p28-babcock.txt 0.83396430503 0.844569910329 0.928571428571 0.682479328881 0.388888888889 0.867719643638 True
p28-jin.txt 0.499188750676 0.363998671538 0.642857142857 0.73682769765 0.444444444444 0.833021017094 True
p28-wang.txt 0.687939426717 0.539604782464 0.714285714286 0.773271486614 0.666666666667 0.889930088154 True
p281-cormode.txt 0.949161709032 0.943706409831 0.857142857143 0.696006976592 0.388888888889 0.895632401162 True
p282-devries.txt 0.611681990265 0.512869478579 0.714285714286 0.687453297262 0.333333333333 0.916290142734 True
p282-li.txt 0.692806922661 0.541265360345 0.714285714286 0.693154812728 0.277777777778 0.908669217119 True
p283-babu.txt 1.01297998918 0.953503819329 0.857142857143 0.692906568288 0.388888888889 0.907375395746 True
p283-carmel.txt 0.524067063277 0.472683493856 0.785714285714 0.757870602841 0.833333333333 0.879928948527 True
p283-gao.txt 0.689021092482 0.697608767851 0.928571428571 0.684935131827 0.388888888889 0.905615085676 True
p284-henzinger.txt 0.580313683072 0.542095649286 0.857142857143 0.681143208555 0.388888888889 0.9206169012 True
p285-ukkonen.txt 0.632233639805 0.577465958153 0.785714285714 0.675821638279 0.444444444444 0.929449248264 True
p286-smith.txt 0.703623580314 0.643889073398 0.785714285714 0.704686914898 0.555555555556 0.908913661397 True
p287-chaudhuri.txt 0.830178474851 0.894055131186 1.0 0.664018096154 0.333333333333 0.910688645694 True
p287-manjhi.txt 0.909680908599 0.931999335769 0.928571428571 0.674039209587 0.333333333333 0.909619746063 True
p289-keralapura.txt 0.859383450514 0.876286947858 0.928571428571 0.6720078683 0.333333333333 0.946418987407 True
p289-milo.txt 0.816116819903 0.848306210561 0.928571428571 0.676602318743 0.444444444444 0.912290070294 True
p29-bay.txt 0.704164413196 0.617485885088 0.785714285714 0.693186562249 0.388888888889 0.894934166783 True
p290-friedland.txt 0.783666846944 0.680006642312 0.785714285714 0.70186615412 0.444444444444 0.866885353494 True
p290-nottelmann.txt 0.574905354246 0.462886084357 0.714285714286 0.707307192391 0.277777777778 0.904932300953 True
p291-dumais.txt 0.687939426717 0.635171039522 0.857142857143 0.689563782335 0.333333333333 0.887783191027 True
p291-hu.txt 0.553812871823 0.508635004982 0.785714285714 0.689431765678 0.388888888889 0.859807323935 True
p299-jermaine.txt 0.0573282855598 0.0264862172036 0.428571428571 0.745872641509 0.388888888889 0.755063849048 True
p299-wan.txt 0.588426176312 0.444536698771 0.642857142857 0.720130508505 0.388888888889 0.8917612282 True
p299-zhang.txt 0.792861005949 0.836267020923 0.928571428571 0.66572180459 0.388888888889 0.946832239032 True
p3-luo.txt 0.758788534343 0.662653603454 0.785714285714 0.704465579075 0.333333333333 0.857374259813 True
p3-sebrechts.txt 0.654407787994 0.53379275988 0.714285714286 0.683571987641 0.444444444444 0.872825740436 True
p30-airoldi.txt 0.706327744727 0.579956824975 0.714285714286 0.700694456668 0.388888888889 0.87271593463 True
p300-fung.txt 0.646836127637 0.521587512454 0.714285714286 0.702085315767 0.444444444444 0.908641472691 True
p300-gu.txt 0.200648999459 0.105529724344 0.428571428571 0.805957996406 0.555555555556 0.781799001064 True
p301-fagin.txt 0.303407247161 0.196197276652 0.571428571429 0.705288507448 0.388888888889 0.872566678103 True
p301-gupta.txt 0.6106003245 0.606692128861 0.857142857143 0.68210610697 0.333333333333 0.866984876213 True
p301-sharfman.txt 0.704705246079 0.681335104616 0.857142857143 0.673481322298 0.388888888889 0.918902232743 True
p303-collinsthompson.txt 0.687398593835 0.601793424112 0.785714285714 0.699276756785 0.388888888889 0.879792591435 True
p303-saito.txt 0.892915089237 0.883510461641 0.857142857143 0.707923993111 0.388888888889 0.933673854303 True
p305-he.txt 1.02001081666 1.05961474593 0.928571428571 0.691974017682 0.388888888889 0.891825545257 True
p305-silvestri.txt 0.671173607355 0.5628528728 0.714285714286 0.689998229186 0.444444444444 0.883571823261 True
p306-bawa.txt 0.771227690644 0.654765858519 0.785714285714 0.700042752393 0.444444444444 0.903022541089 True
p306-kurland.txt 0.74580854516 0.572567253404 0.714285714286 0.749782299757 0.444444444444 0.833659630978 True
p306-yu.txt 0.725797728502 0.649036864829 0.785714285714 0.676289879671 0.333333333333 0.945548452563 True
p306nevile.txt 0.684694429421 0.537778146795 0.714285714286 0.687379409175 0.444444444444 0.907240133448 True
p307-allan.txt 0.674959437534 0.488957157091 0.642857142857 0.778429060407 0.5 0.889477585979 True
p307-barclay.txt 0.325040562466 0.176436399867 0.5 0.789081276576 0.611111111111 0.783852151379 True
p307-loekito.txt 0.888588426176 0.810029890402 0.785714285714 0.712773252907 0.388888888889 0.882906171066 True
p307-mistry.txt 0.703623580314 0.715044835603 0.928571428571 0.662341529691 0.277777777778 0.95115130237 True
p308-baeza-yates.txt 0.702541914548 0.568415808701 0.714285714286 0.710594552307 0.555555555556 0.922025711508 True
p31-kamra.txt 0.567333693889 0.450016605779 0.714285714286 0.691121622101 0.333333333333 0.892549410355 True
p31-yang.txt 0.710654407788 0.593490534706 0.714285714286 0.706011394079 0.555555555556 0.851049839096 True
p310-gao.txt 0.749594375338 0.771753570242 0.928571428571 0.691164969707 0.555555555556 0.885298032807 True
p310-hall.txt 0.702001081666 0.580122882763 0.714285714286 0.708415267998 0.388888888889 0.906141073222 True
p311-li.txt 0.873985938345 0.861839920292 0.857142857143 0.693543074799 0.388888888889 0.909633373433 True
p313-lim.txt 0.656030286641 0.634008635005 0.857142857143 0.669983108935 0.388888888889 0.940792343621 True
p313-tryfonopoulos.txt 0.664142779881 0.606027897708 0.785714285714 0.684629968289 0.444444444444 0.906743395302 True
p314-allan.txt 0.597079502434 0.503155097974 0.714285714286 0.694006892297 0.333333333333 0.937131948002 True
p314-clarke.txt 0.330448891293 0.210976419794 0.571428571429 0.740415917648 0.444444444444 0.844159808469 True
p314-yan.txt 0.713358572201 0.665393556958 0.857142857143 0.689076351603 0.333333333333 0.890341348039 True
p314.txt 0.770146024878 0.718116904683 0.857142857143 0.673822239012 0.333333333333 0.930821259132 True
p315-huang.txt 0.763656030287 0.824892062438 1.0 0.669878470305 0.444444444444 0.912999303862 True
p315-pickens.txt 0.744726879394 0.651029558286 0.785714285714 0.700152095542 0.333333333333 0.873357816461 True
p315.txt 0.614926987561 0.457655264032 0.642857142857 0.720561274419 0.611111111111 0.874187207256 True
p316-wang.txt 0.650081124932 0.618897376287 0.857142857143 0.675969727113 0.388888888889 0.956449948602 True
p316-zaki.txt 0.755543537047 0.766937894387 0.928571428571 0.681167664934 0.388888888889 0.914081957961 True
p317-georgiadis.txt 0.257436452136 0.147708402524 0.5 0.753464543712 0.388888888889 0.797676329838 True
p317-long.txt 0.735532720389 0.649701095981 0.785714285714 0.719066404616 0.611111111111 0.892074907274 True
p318-hu.txt 0.677663601947 0.658253072069 0.857142857143 0.695893420753 0.388888888889 0.922512223223 True
p319-mei.txt 0.548945375879 0.491448023912 0.785714285714 0.692572559698 0.444444444444 0.884483381164 True
p320-ge.txt 0.721471065441 0.698771172368 0.857142857143 0.675342772162 0.388888888889 0.908473831375 True
p322-ji.txt 0.616549486209 0.507721687147 0.714285714286 0.705007438299 0.333333333333 0.875419081446 True
p322-tryfonopoulos.txt 0.684153596539 0.657090667552 0.857142857143 0.6702781287 0.388888888889 0.936474908887 True
p323-linga.txt 0.852893455922 0.916140817004 0.928571428571 0.677714196353 0.444444444444 0.940436896192 True
p323-zimmer.txt 0.526230394808 0.384174692793 0.642857142857 0.713793493424 0.333333333333 0.848446612658 True
