scimakelatex.10345.none.txt 0.382368848026 0.204998339422 0.428571428571 0.764264603059 0.444444444444 0.837005354754 False
scimakelatex.10468.none.txt 0.367225527312 0.200182663567 0.5 0.755611209222 0.333333333333 0.825806315201 False
scimakelatex.10774.none.txt 0.399134667388 0.227914314181 0.5 0.737000242995 0.333333333333 0.827333206754 False
scimakelatex.10792.none.txt 0.39967550027 0.221853204915 0.5 0.752486712677 0.444444444444 0.843365669239 False
scimakelatex.10803.none.txt 0.41590048675 0.243108601793 0.5 0.736577309999 0.333333333333 0.818734965699 False
scimakelatex.10836.none.txt 0.395889670092 0.209232813019 0.428571428571 0.755187503582 0.388888888889 0.841394852617 False
scimakelatex.11045.none.txt 0.385073012439 0.21047824643 0.5 0.756310841669 0.333333333333 0.82222428977 False
scimakelatex.11054.none.txt 0.371552190373 0.203835934905 0.5 0.737170323005 0.333333333333 0.848094870414 False
scimakelatex.11147.none.txt 0.37912385073 0.205330454998 0.5 0.753846545751 0.333333333333 0.835157384338 False
scimakelatex.11165.none.txt 0.369388858843 0.19594818997 0.428571428571 0.767593116376 0.388888888889 0.818493338136 False
scimakelatex.1118.none.txt 0.387777176852 0.21662238459 0.5 0.743623978648 0.333333333333 0.857143782189 False
scimakelatex.11313.none.txt 0.398053001622 0.217535702424 0.5 0.769162114574 0.388888888889 0.802922194468 False
scimakelatex.11370.none.txt 0.383991346674 0.212221853205 0.5 0.752519790818 0.388888888889 0.839233136023 False
scimakelatex.11481.none.txt 0.388858842618 0.216041182331 0.5 0.746045661079 0.333333333333 0.826586450444 False
scimakelatex.11543.none.txt 0.412655489454 0.22583859183 0.5 0.762573112994 0.333333333333 0.810147572802 False
scimakelatex.1156.none.txt 0.391022174148 0.219030222517 0.5 0.748329122015 0.333333333333 0.85090111334 False
scimakelatex.11564.none.txt 0.386695511087 0.208983726337 0.5 0.761537278081 0.388888888889 0.854654522983 False
scimakelatex.11582.none.txt 0.346673877772 0.181916306875 0.428571428571 0.77735365274 0.5 0.836684249748 False
scimakelatex.11615.none.txt 0.388318009735 0.206160743939 0.428571428571 0.775241466365 0.5 0.828358314209 False
scimakelatex.11779.none.txt 0.373715521904 0.202009299236 0.5 0.760817131232 0.333333333333 0.84441768563 False
scimakelatex.1180.none.txt 0.402920497566 0.221272002657 0.5 0.757193829533 0.444444444444 0.839314162598 False
scimakelatex.11844.none.txt 0.409951325041 0.218698106941 0.428571428571 0.758390030777 0.333333333333 0.851965671779 False
scimakelatex.11944.none.txt 0.388318009735 0.220607771504 0.5 0.751723302888 0.333333333333 0.850131302643 False
scimakelatex.12080.none.txt 0.343428880476 0.186981069412 0.5 0.759388946157 0.444444444444 0.848394448026 False
scimakelatex.12142.none.txt 0.37912385073 0.201760212554 0.428571428571 0.762244412744 0.333333333333 0.823210048566 False
scimakelatex.12170.none.txt 0.342347214711 0.188641647293 0.5 0.739254577276 0.333333333333 0.848707788826 False
scimakelatex.12363.none.txt 0.385073012439 0.208153437396 0.5 0.761777085407 0.333333333333 0.830031035216 False
scimakelatex.12401.none.txt 0.40778799351 0.223513782796 0.5 0.749066803813 0.277777777778 0.827624832431 False
scimakelatex.12402.none.txt 0.363980530016 0.193042178678 0.428571428571 0.756433441458 0.388888888889 0.843373305167 False
scimakelatex.12432.none.txt 0.407247160627 0.229076718698 0.5 0.755025112317 0.333333333333 0.828058304322 False
scimakelatex.1245.none.txt 0.326122228231 0.174941879774 0.428571428571 0.745612962779 0.333333333333 0.855780804136 False
scimakelatex.12518.none.txt 0.3893996755 0.212803055463 0.5 0.739094775408 0.277777777778 0.831096856119 False
scimakelatex.12661.none.txt 0.348837209302 0.182580538027 0.428571428571 0.762262616961 0.444444444444 0.851936362093 False
scimakelatex.12729.none.txt 0.402920497566 0.227748256393 0.5 0.734766085432 0.333333333333 0.864032361699 False
scimakelatex.12832.none.txt 0.41806381828 0.235968116905 0.5 0.75114277583 0.333333333333 0.839366571133 False
scimakelatex.12833.none.txt 0.404002163332 0.221438060445 0.5 0.755314039895 0.333333333333 0.825978782764 False
scimakelatex.12835.none.txt 0.393726338561 0.218033875789 0.5 0.746440915801 0.333333333333 0.818537340729 False
scimakelatex.12856.none.txt 0.3893996755 0.220192627034 0.5 0.741407779259 0.333333333333 0.828894869218 False
scimakelatex.12923.none.txt 0.367225527312 0.189970109598 0.428571428571 0.788181818511 0.388888888889 0.816794363189 False
scimakelatex.13029.none.txt 0.392103839913 0.21703752906 0.5 0.753110711564 0.388888888889 0.819749597934 False
scimakelatex.13076.none.txt 0.410492157923 0.223347725008 0.5 0.764864248485 0.333333333333 0.807675183584 False
scimakelatex.1324.none.txt 0.385073012439 0.209980073065 0.5 0.755643122455 0.388888888889 0.843522443996 False
scimakelatex.13335.none.txt 0.365062195782 0.199933576885 0.5 0.754651381104 0.333333333333 0.819133984855 False
scimakelatex.13350.none.txt 0.413196322336 0.233975423447 0.5 0.750525289971 0.333333333333 0.841654148917 False
scimakelatex.13484.none.txt 0.3769605192 0.216041182331 0.5 0.734337508658 0.277777777778 0.818825822605 False
scimakelatex.13496.none.txt 0.402379664684 0.221604118233 0.5 0.76164874552 0.5 0.827426562927 False
scimakelatex.13509.none.txt 0.391022174148 0.208402524078 0.428571428571 0.772817984851 0.333333333333 0.809394921852 False
scimakelatex.13523.none.txt 0.390481341266 0.21703752906 0.5 0.752644097469 0.333333333333 0.824425948739 False
scimakelatex.13627.none.txt 0.369388858843 0.200597808037 0.5 0.753335795016 0.388888888889 0.831623173528 False
scimakelatex.13707.none.txt 0.393185505679 0.217203586848 0.5 0.74513521011 0.333333333333 0.826623863738 False
scimakelatex.1371.none.txt 0.356408869659 0.190302225174 0.428571428571 0.76129694565 0.333333333333 0.829392832082 False
scimakelatex.14124.none.txt 0.368307193077 0.198439056792 0.5 0.763784290331 0.333333333333 0.837559860801 False
scimakelatex.14159.none.txt 0.371011357491 0.203503819329 0.5 0.745388744653 0.388888888889 0.847162933367 False
scimakelatex.14327.none.txt 0.392644672796 0.216456326802 0.5 0.751721763085 0.333333333333 0.829809046379 False
scimakelatex.1434.none.txt 0.369388858843 0.193789438725 0.428571428571 0.765177947829 0.388888888889 0.84735916706 False
scimakelatex.14369.none.txt 0.369388858843 0.206077715045 0.5 0.749095832457 0.333333333333 0.829449365995 False
scimakelatex.14448.none.txt 0.407247160627 0.233560278977 0.5 0.750930232969 0.388888888889 0.804389288756 False
scimakelatex.14520.none.txt 0.388318009735 0.213799402192 0.5 0.748606230632 0.388888888889 0.817359586904 False
scimakelatex.14599.none.txt 0.412114656571 0.230322152109 0.5 0.758934037442 0.388888888889 0.833134653115 False
scimakelatex.14637.none.txt 0.384532179557 0.20433410827 0.428571428571 0.776045896806 0.444444444444 0.843142148633 False
scimakelatex.14678.none.txt 0.362358031368 0.192710063102 0.428571428571 0.76943733314 0.333333333333 0.861231401976 False
scimakelatex.1474.none.txt 0.411032990806 0.232065758884 0.5 0.75754957325 0.333333333333 0.799537903975 False
scimakelatex.14850.none.txt 0.361817198486 0.198023912321 0.5 0.748832818295 0.333333333333 0.834891071316 False
scimakelatex.14862.none.txt 0.370470524608 0.204583194952 0.5 0.763244155604 0.388888888889 0.83253068432 False
scimakelatex.14959.none.txt 0.411032990806 0.237960810362 0.5 0.741368562629 0.333333333333 0.821927257161 False
scimakelatex.15013.none.txt 0.31963223364 0.168216539356 0.428571428571 0.74819174386 0.388888888889 0.824347118864 False
scimakelatex.15117.none.txt 0.393185505679 0.214795748921 0.5 0.756022539387 0.333333333333 0.837273958798 False
scimakelatex.15135.none.txt 0.357490535425 0.193457323148 0.5 0.771640621418 0.444444444444 0.815737847698 False
scimakelatex.15199.none.txt 0.419686316928 0.225672534042 0.5 0.774797174648 0.444444444444 0.834962261248 False
scimakelatex.1526.none.txt 0.385613845322 0.207489206244 0.5 0.776544960236 0.444444444444 0.844279878992 False
scimakelatex.15503.none.txt 0.386154678204 0.212470939887 0.5 0.762916345828 0.333333333333 0.838922498009 False
scimakelatex.15541.none.txt 0.390481341266 0.225091331783 0.5 0.73665676871 0.333333333333 0.834673222281 False
scimakelatex.15603.none.txt 0.381828015143 0.210561275324 0.5 0.756755461462 0.388888888889 0.837253070949 False
scimakelatex.15706.none.txt 0.420227149811 0.23546994354 0.5 0.760073804935 0.333333333333 0.809269375953 False
scimakelatex.15893.none.txt 0.3893996755 0.214546662238 0.5 0.750170834299 0.333333333333 0.856858805643 False
scimakelatex.1595.none.txt 0.37912385073 0.215044835603 0.5 0.738066580056 0.333333333333 0.828667354567 False
scimakelatex.15960.none.txt 0.412114656571 0.235137827964 0.5 0.73528608694 0.333333333333 0.829025899747 False
scimakelatex.15997.none.txt 0.382909680909 0.215293922285 0.5 0.758318208485 0.388888888889 0.810690728171 False
scimakelatex.16198.none.txt 0.365603028664 0.199601461309 0.5 0.742612681715 0.277777777778 0.839468421452 False
scimakelatex.16200.none.txt 0.380205516495 0.21130853537 0.5 0.754079399913 0.388888888889 0.824062600606 False
scimakelatex.16296.none.txt 0.409410492158 0.23546994354 0.5 0.754278774355 0.5 0.834473485549 False
scimakelatex.16450.none.txt 0.359653866955 0.188973762869 0.428571428571 0.747089627306 0.277777777778 0.837928650188 False
scimakelatex.16527.none.txt 0.386154678204 0.208485552972 0.5 0.75822243928 0.388888888889 0.845450813527 False
scimakelatex.16538.none.txt 0.378042184965 0.204001992693 0.5 0.765431847311 0.333333333333 0.840786823602 False
scimakelatex.1656.none.txt 0.384532179557 0.21438060445 0.5 0.748962687282 0.333333333333 0.830103491764 False
scimakelatex.16571.none.txt 0.398053001622 0.221022915975 0.5 0.754231096877 0.333333333333 0.852708960639 False
scimakelatex.16708.none.txt 0.3893996755 0.215293922285 0.5 0.759156235512 0.388888888889 0.837287477589 False
scimakelatex.16804.none.txt 0.385613845322 0.215376951179 0.5 0.741704479346 0.333333333333 0.834433079239 False
scimakelatex.16808.none.txt 0.408328826393 0.22849551644 0.5 0.751568346303 0.444444444444 0.835000572516 False
scimakelatex.16862.none.txt 0.40778799351 0.222517436068 0.5 0.753876440891 0.333333333333 0.837829485838 False
scimakelatex.16870.none.txt 0.391022174148 0.219777482564 0.5 0.746281731755 0.333333333333 0.848312762498 False
scimakelatex.1689.none.txt 0.394808004327 0.218532049153 0.5 0.757041922694 0.333333333333 0.832317490096 False
scimakelatex.16975.none.txt 0.367225527312 0.202673530389 0.5 0.746354454031 0.277777777778 0.843845499829 False
scimakelatex.17156.none.txt 0.378583017847 0.201345068084 0.428571428571 0.778731521221 0.444444444444 0.836761748429 False
scimakelatex.17160.none.txt 0.372093023256 0.204500166058 0.5 0.744249429465 0.333333333333 0.841112798201 False
scimakelatex.1718.none.txt 0.382368848026 0.207904350714 0.5 0.753496124349 0.333333333333 0.850456403586 False
scimakelatex.17224.none.txt 0.373174689021 0.198439056792 0.428571428571 0.756059024491 0.333333333333 0.845583976461 False
scimakelatex.17281.none.txt 0.383991346674 0.206741946197 0.5 0.756657363078 0.333333333333 0.845663321165 False
scimakelatex.17346.none.txt 0.388318009735 0.205994686151 0.428571428571 0.760313715264 0.388888888889 0.848538178408 False
scimakelatex.17368.none.txt 0.386695511087 0.20740617735 0.428571428571 0.76758719222 0.333333333333 0.855299549775 False
scimakelatex.17496.none.txt 0.405624661979 0.228080371969 0.5 0.758874796024 0.333333333333 0.83595068189 False
scimakelatex.17573.none.txt 0.3769605192 0.206326801727 0.5 0.751307387091 0.277777777778 0.839572992255 False
scimakelatex.17580.none.txt 0.36884802596 0.202341414812 0.5 0.754084785255 0.333333333333 0.833966794491 False
scimakelatex.17582.none.txt 0.408328826393 0.228578545334 0.5 0.741664397679 0.333333333333 0.846726732056 False
scimakelatex.17601.none.txt 0.399134667388 0.220773829293 0.5 0.757935807535 0.333333333333 0.83353919738 False
scimakelatex.17614.none.txt 0.381828015143 0.208568581866 0.5 0.761488407369 0.333333333333 0.83665583738 False
scimakelatex.17648.none.txt 0.401297998918 0.214463633344 0.428571428571 0.759408651042 0.333333333333 0.821479847285 False
scimakelatex.17691.none.txt 0.381828015143 0.211391564264 0.5 0.75698567329 0.388888888889 0.834917961962 False
scimakelatex.17728.none.txt 0.374797187669 0.209149784125 0.5 0.749414997067 0.333333333333 0.838989928276 False
scimakelatex.17863.none.txt 0.342347214711 0.175523082033 0.428571428571 0.787555106868 0.388888888889 0.828063841915 False
scimakelatex.17886.none.txt 0.382368848026 0.213052142145 0.5 0.748576223466 0.333333333333 0.825122302805 False
scimakelatex.17917.none.txt 0.437533802055 0.24344071737 0.5 0.75425347116 0.333333333333 0.85706188631 False
scimakelatex.17942.none.txt 0.388858842618 0.216290269014 0.5 0.744721992463 0.388888888889 0.819146138682 False
scimakelatex.17974.none.txt 0.365062195782 0.197193623381 0.5 0.752154540792 0.277777777778 0.834366067256 False
scimakelatex.18079.none.txt 0.373174689021 0.207157090668 0.5 0.750862851714 0.333333333333 0.842935799165 False
scimakelatex.18110.none.txt 0.384532179557 0.217369644636 0.5 0.744066043 0.333333333333 0.843411898861 False
scimakelatex.18174.none.txt 0.419145484045 0.232813018931 0.5 0.752805388847 0.333333333333 0.857803509075 False
scimakelatex.18203.none.txt 0.405083829097 0.228080371969 0.5 0.748695824974 0.333333333333 0.849774926089 False
scimakelatex.18348.none.txt 0.404002163332 0.218864164729 0.5 0.763211656576 0.388888888889 0.820468784668 False
scimakelatex.18352.none.txt 0.373174689021 0.20516439721 0.5 0.75018909117 0.333333333333 0.84176847956 False
scimakelatex.18415.none.txt 0.385613845322 0.212387910993 0.5 0.750691864504 0.388888888889 0.83302852782 False
scimakelatex.18424.none.txt 0.400757166036 0.222185320492 0.5 0.747087231462 0.333333333333 0.829090192472 False
scimakelatex.18517.none.txt 0.360194699838 0.199684490203 0.5 0.759007362626 0.333333333333 0.818662037638 False
scimakelatex.18594.none.txt 0.370470524608 0.208485552972 0.5 0.754745903943 0.388888888889 0.831327618371 False
scimakelatex.18606.none.txt 0.371552190373 0.208983726337 0.5 0.748879298028 0.333333333333 0.813331636128 False
scimakelatex.18789.none.txt 0.386154678204 0.205662570575 0.428571428571 0.777796070509 0.333333333333 0.826894802651 False
scimakelatex.18812.none.txt 0.389940508383 0.21969445367 0.5 0.746273942762 0.333333333333 0.822301195606 False
scimakelatex.18885.none.txt 0.375338020552 0.204832281634 0.5 0.762545388356 0.388888888889 0.815838226002 False
scimakelatex.18960.none.txt 0.3893996755 0.209481899701 0.5 0.759276966466 0.333333333333 0.826314332516 False
scimakelatex.19012.none.txt 0.326663061114 0.181501162405 0.5 0.743494402527 0.333333333333 0.837660557682 False
scimakelatex.19074.none.txt 0.407247160627 0.226834938559 0.5 0.753465158279 0.333333333333 0.829755279161 False
scimakelatex.19127.none.txt 0.365062195782 0.196197276652 0.5 0.760424680368 0.333333333333 0.833993128201 False
scimakelatex.19289.none.txt 0.408328826393 0.227665227499 0.5 0.753489666591 0.333333333333 0.80896650679 False
scimakelatex.19331.none.txt 0.390481341266 0.214297575556 0.5 0.754742190492 0.333333333333 0.821008275659 False
scimakelatex.19352.none.txt 0.365062195782 0.202590501495 0.5 0.757702311609 0.277777777778 0.820049594843 False
scimakelatex.19370.none.txt 0.394808004327 0.220441713716 0.5 0.759063911281 0.388888888889 0.8303722992 False
scimakelatex.19570.none.txt 0.372633856138 0.199269345732 0.428571428571 0.749534050444 0.333333333333 0.826407770659 False
scimakelatex.19618.none.txt 0.416441319632 0.230322152109 0.5 0.765408532192 0.388888888889 0.828281617247 False
scimakelatex.19696.none.txt 0.414277988102 0.23505479907 0.5 0.737805892592 0.333333333333 0.821929600823 False
scimakelatex.19742.none.txt 0.387777176852 0.206575888409 0.428571428571 0.764276846679 0.388888888889 0.838008587493 False
scimakelatex.19782.none.txt 0.402920497566 0.2262537363 0.5 0.747277624426 0.388888888889 0.838618128645 False
scimakelatex.19858.none.txt 0.394267171444 0.223513782796 0.5 0.739816863949 0.277777777778 0.836145196095 False
scimakelatex.19891.none.txt 0.381287182261 0.209564928595 0.5 0.754167338276 0.333333333333 0.839203725538 False
scimakelatex.19934.none.txt 0.362898864251 0.200265692461 0.5 0.742413120686 0.333333333333 0.838754274508 False
scimakelatex.19952.none.txt 0.400757166036 0.224676187313 0.5 0.742447280276 0.388888888889 0.830181835175 False
scimakelatex.19992.none.txt 0.408869659275 0.221770176021 0.5 0.763753839775 0.444444444444 0.837972985779 False
scimakelatex.20003.none.txt 0.391563007031 0.217120557954 0.5 0.750580202833 0.333333333333 0.820919112249 False
scimakelatex.20057.none.txt 0.399134667388 0.214795748921 0.5 0.776521471541 0.444444444444 0.834097500316 False
scimakelatex.20085.none.txt 0.374797187669 0.209066755231 0.5 0.75516032886 0.333333333333 0.823833615093 False
scimakelatex.20256.none.txt 0.34018388318 0.183327798074 0.5 0.746911644456 0.333333333333 0.861855536826 False
scimakelatex.20274.none.txt 0.433747971877 0.236217203587 0.5 0.75375310164 0.388888888889 0.836962758364 False
scimakelatex.20292.none.txt 0.446187128177 0.258967120558 0.5 0.749878181083 0.388888888889 0.830843482974 False
scimakelatex.20295.none.txt 0.361817198486 0.195865161076 0.5 0.754993423094 0.388888888889 0.849755827951 False
scimakelatex.20312.none.txt 0.349378042185 0.184905347061 0.428571428571 0.752040233678 0.333333333333 0.840854828377 False
scimakelatex.20462.none.txt 0.398593834505 0.224842245101 0.5 0.752142088778 0.388888888889 0.839072473631 False
scimakelatex.20725.none.txt 0.391563007031 0.208900697443 0.428571428571 0.777166531029 0.444444444444 0.822250744024 False
scimakelatex.20818.none.txt 0.392103839913 0.207738292926 0.428571428571 0.760888978853 0.388888888889 0.833105761565 False
scimakelatex.2082.none.txt 0.369929691725 0.197027565593 0.428571428571 0.771323249253 0.333333333333 0.834076631338 False
scimakelatex.20890.none.txt 0.440237966468 0.254483560279 0.5 0.742842022247 0.333333333333 0.839916811916 False
scimakelatex.20904.none.txt 0.383450513791 0.211557622052 0.5 0.753238601954 0.388888888889 0.818929027771 False
scimakelatex.21010.none.txt 0.361276365603 0.196529392228 0.5 0.754665706069 0.388888888889 0.837372705935 False
scimakelatex.2106.none.txt 0.362898864251 0.196695450017 0.5 0.763545582445 0.388888888889 0.828130346358 False
scimakelatex.21099.none.txt 0.416982152515 0.236466290269 0.5 0.75063359414 0.388888888889 0.831384757096 False
scimakelatex.21102.none.txt 0.375338020552 0.204832281634 0.5 0.750025470847 0.388888888889 0.83645873429 False
scimakelatex.21179.none.txt 0.430502974581 0.233975423447 0.5 0.755638780907 0.333333333333 0.830894061147 False
scimakelatex.2123.none.txt 0.399134667388 0.218033875789 0.5 0.750404443354 0.333333333333 0.843518307127 False
scimakelatex.21244.none.txt 0.402920497566 0.223513782796 0.5 0.74881490402 0.333333333333 0.828780370617 False
scimakelatex.2153.none.txt 0.363439697134 0.194785785453 0.428571428571 0.758837090164 0.333333333333 0.814146072879 False
scimakelatex.21562.none.txt 0.363980530016 0.203503819329 0.5 0.756669526404 0.388888888889 0.833447221211 False
scimakelatex.21622.none.txt 0.40778799351 0.225506476254 0.5 0.759894220642 0.333333333333 0.846727832885 False
scimakelatex.21633.none.txt 0.369929691725 0.197857854533 0.428571428571 0.762766666595 0.333333333333 0.825978491687 False
scimakelatex.21674.none.txt 0.391563007031 0.218116904683 0.5 0.741664031914 0.277777777778 0.832532294237 False
scimakelatex.21788.none.txt 0.391563007031 0.22010959814 0.5 0.758513316407 0.333333333333 0.83169501762 False
scimakelatex.21816.none.txt 0.427798810168 0.231484556626 0.5 0.756498977153 0.333333333333 0.844889528196 False
scimakelatex.21864.none.txt 0.395889670092 0.21703752906 0.5 0.755195290405 0.333333333333 0.826860140365 False
scimakelatex.22171.none.txt 0.406706327745 0.224178013949 0.5 0.755293732175 0.333333333333 0.82803371906 False
scimakelatex.22172.none.txt 0.380205516495 0.209481899701 0.5 0.763054299239 0.333333333333 0.814718420356 False
scimakelatex.22185.none.txt 0.395889670092 0.211557622052 0.428571428571 0.767677567596 0.333333333333 0.844141423088 False
scimakelatex.22261.none.txt 0.406706327745 0.232314845566 0.5 0.754412076746 0.333333333333 0.819052066623 False
scimakelatex.22272.none.txt 0.386695511087 0.216954500166 0.5 0.758579655638 0.333333333333 0.809873083644 False
scimakelatex.22289.none.txt 0.421849648459 0.230820325473 0.5 0.762591991431 0.333333333333 0.825582863696 False
scimakelatex.22345.none.txt 0.382909680909 0.209232813019 0.5 0.756763687113 0.388888888889 0.817946927986 False
scimakelatex.22443.none.txt 0.36884802596 0.20209232813 0.5 0.748497883841 0.333333333333 0.835506881887 False
scimakelatex.22444.none.txt 0.375878853434 0.203503819329 0.5 0.749004182821 0.333333333333 0.828125389173 False
scimakelatex.22498.none.txt 0.388318009735 0.209149784125 0.5 0.76949192997 0.333333333333 0.857344851613 False
scimakelatex.22531.none.txt 0.41590048675 0.229907007639 0.5 0.748457162474 0.388888888889 0.82300639874 False
scimakelatex.22572.none.txt 0.334775554354 0.174194619728 0.428571428571 0.761037077846 0.388888888889 0.877531156293 False
scimakelatex.22616.none.txt 0.391563007031 0.214795748921 0.5 0.758268547068 0.388888888889 0.819113765989 False
scimakelatex.22743.none.txt 0.386695511087 0.21047824643 0.5 0.75814912212 0.333333333333 0.816831063788 False
scimakelatex.2278.none.txt 0.414818820984 0.230073065427 0.5 0.748683843612 0.277777777778 0.841786889197 False
scimakelatex.22930.none.txt 0.366684694429 0.199601461309 0.5 0.760259215929 0.333333333333 0.830480382684 False
scimakelatex.22977.none.txt 0.400757166036 0.219611424776 0.5 0.761380370755 0.444444444444 0.84683872847 False
scimakelatex.22978.none.txt 0.429421308816 0.241531052806 0.5 0.755093436694 0.333333333333 0.830051072379 False
scimakelatex.22995.none.txt 0.375878853434 0.198937230156 0.428571428571 0.758537982294 0.333333333333 0.814899442336 False
scimakelatex.23159.none.txt 0.374256354786 0.197774825639 0.428571428571 0.762840045005 0.388888888889 0.831817059595 False
scimakelatex.23196.none.txt 0.391563007031 0.206409830621 0.428571428571 0.766701149294 0.333333333333 0.830113799467 False
scimakelatex.2320.none.txt 0.409410492158 0.236964463633 0.5 0.731074383066 0.333333333333 0.85582967865 False
scimakelatex.23267.none.txt 0.383450513791 0.216456326802 0.5 0.741815944581 0.333333333333 0.844503474209 False
scimakelatex.23355.none.txt 0.382368848026 0.211640650947 0.5 0.745469851265 0.277777777778 0.81233881372 False
scimakelatex.23427.none.txt 0.359653866955 0.193042178678 0.428571428571 0.761774777682 0.388888888889 0.834831511697 False
scimakelatex.23521.none.txt 0.407247160627 0.227333111923 0.5 0.744779635889 0.333333333333 0.860365299557 False
scimakelatex.23573.none.txt 0.363980530016 0.199518432414 0.5 0.762891804273 0.333333333333 0.810950968061 False
scimakelatex.23591.none.txt 0.376419686317 0.206908003985 0.5 0.748597242895 0.333333333333 0.848651853232 False
scimakelatex.23751.none.txt 0.398593834505 0.221105944869 0.5 0.744347332938 0.277777777778 0.872112543483 False
scimakelatex.24137.none.txt 0.419686316928 0.232231816672 0.5 0.745703601319 0.333333333333 0.851923930911 False
scimakelatex.24163.none.txt 0.39967550027 0.227665227499 0.5 0.735616847457 0.333333333333 0.851770704103 False
scimakelatex.24167.none.txt 0.399134667388 0.227831285287 0.5 0.742738060437 0.277777777778 0.831796504615 False
scimakelatex.24195.none.txt 0.388858842618 0.207738292926 0.428571428571 0.75456677779 0.333333333333 0.842294836428 False
scimakelatex.24241.none.txt 0.379664683613 0.203088674859 0.428571428571 0.764776238801 0.388888888889 0.84667914744 False
scimakelatex.24433.none.txt 0.435911303407 0.24468615078 0.5 0.750364277494 0.333333333333 0.843813849314 False
scimakelatex.24525.none.txt 0.390481341266 0.207157090668 0.428571428571 0.75975380134 0.388888888889 0.84381096399 False
scimakelatex.2453.none.txt 0.385073012439 0.215044835603 0.5 0.76286354379 0.388888888889 0.831744474729 False
scimakelatex.24605.none.txt 0.399134667388 0.221853204915 0.5 0.748676969611 0.388888888889 0.82325578099 False
scimakelatex.24645.none.txt 0.392103839913 0.2108933909 0.5 0.749389764717 0.333333333333 0.859178691116 False
scimakelatex.24666.none.txt 0.353704705246 0.1871471272 0.428571428571 0.770357992516 0.388888888889 0.843915621133 False
scimakelatex.2476.none.txt 0.433207138994 0.23854201262 0.5 0.759169040002 0.333333333333 0.80984246709 False
scimakelatex.24807.none.txt 0.373174689021 0.201012952507 0.5 0.758089070487 0.388888888889 0.836733229464 False
scimakelatex.2481.none.txt 0.377501352082 0.20433410827 0.5 0.756657120707 0.333333333333 0.827771450545 False
scimakelatex.24813.none.txt 0.360194699838 0.196695450017 0.5 0.736996394891 0.333333333333 0.840082756007 False
scimakelatex.24935.none.txt 0.402379664684 0.222185320492 0.5 0.76084411798 0.444444444444 0.834620596539 False
scimakelatex.24959.none.txt 0.383991346674 0.211557622052 0.5 0.751247169193 0.333333333333 0.846338460646 False
scimakelatex.24986.none.txt 0.362358031368 0.189721022916 0.428571428571 0.765003225651 0.388888888889 0.845381700051 False
scimakelatex.25018.none.txt 0.396971335857 0.214214546662 0.5 0.773513327522 0.388888888889 0.839628190013 False
scimakelatex.25148.none.txt 0.385073012439 0.210727333112 0.5 0.755772756694 0.388888888889 0.818182537008 False
scimakelatex.25151.none.txt 0.401297998918 0.22583859183 0.5 0.743130655618 0.333333333333 0.84706383658 False
scimakelatex.25209.none.txt 0.345592212006 0.184490202591 0.428571428571 0.751779522193 0.333333333333 0.842479919523 False
scimakelatex.25345.none.txt 0.374256354786 0.202673530389 0.5 0.775842034874 0.444444444444 0.821493647688 False
scimakelatex.25466.none.txt 0.410492157923 0.236632348057 0.5 0.741276913914 0.333333333333 0.827050303629 False
scimakelatex.25521.none.txt 0.376419686317 0.203835934905 0.5 0.752748017104 0.388888888889 0.839390821746 False
scimakelatex.25524.none.txt 0.373174689021 0.194204583195 0.428571428571 0.770733857793 0.388888888889 0.835997567492 False
scimakelatex.2562.none.txt 0.385073012439 0.210146130854 0.5 0.767009781747 0.388888888889 0.8191492951 False
scimakelatex.25695.none.txt 0.373174689021 0.204085021588 0.5 0.753434097235 0.333333333333 0.834970213127 False
scimakelatex.25721.none.txt 0.391563007031 0.207489206244 0.428571428571 0.779739594079 0.444444444444 0.831716377032 False
scimakelatex.25733.none.txt 0.357490535425 0.188724676187 0.428571428571 0.767730730146 0.388888888889 0.843514836881 False
scimakelatex.2577.none.txt 0.381287182261 0.212720026569 0.5 0.743354421878 0.333333333333 0.821122495905 False
scimakelatex.25915.none.txt 0.411032990806 0.230903354367 0.5 0.747048755576 0.333333333333 0.831070777797 False
scimakelatex.26015.none.txt 0.401838831801 0.21745267353 0.5 0.766291202164 0.388888888889 0.840119781375 False
scimakelatex.26016.none.txt 0.411573823688 0.235802059117 0.5 0.755963882069 0.333333333333 0.809590473547 False
scimakelatex.26215.none.txt 0.408869659275 0.22891066091 0.5 0.747337159968 0.333333333333 0.846389132105 False
scimakelatex.26234.none.txt 0.387777176852 0.216788442378 0.5 0.752228241249 0.333333333333 0.819497653478 False
scimakelatex.2635.none.txt 0.401838831801 0.219943540352 0.5 0.743321124445 0.333333333333 0.81303609202 False
scimakelatex.26374.none.txt 0.416982152515 0.230073065427 0.5 0.755366688003 0.388888888889 0.840696649663 False
scimakelatex.26470.none.txt 0.380205516495 0.200348721355 0.428571428571 0.762460123754 0.333333333333 0.827406858357 False
scimakelatex.26542.none.txt 0.377501352082 0.205745599469 0.5 0.761097799068 0.333333333333 0.809039959842 False
scimakelatex.2657.none.txt 0.353704705246 0.1801727001 0.428571428571 0.783413522705 0.388888888889 0.83026334254 False
scimakelatex.2665.none.txt 0.384532179557 0.212553968781 0.5 0.745545560046 0.333333333333 0.863080923972 False
scimakelatex.26718.none.txt 0.345592212006 0.19329126536 0.5 0.748635476507 0.333333333333 0.842673557219 False
scimakelatex.26727.none.txt 0.414277988102 0.231733643308 0.5 0.745937608435 0.277777777778 0.852849265308 False
scimakelatex.26840.none.txt 0.39967550027 0.224842245101 0.5 0.747094849726 0.333333333333 0.842693475761 False
scimakelatex.27127.none.txt 0.381287182261 0.207738292926 0.5 0.761916035354 0.388888888889 0.833174716286 False
scimakelatex.27133.none.txt 0.369929691725 0.205828628363 0.5 0.753031672489 0.444444444444 0.827309958468 False
scimakelatex.27194.none.txt 0.382909680909 0.206824975091 0.5 0.782047030369 0.555555555556 0.833702442011 False
scimakelatex.27276.none.txt 0.417522985398 0.234390567918 0.5 0.749795871051 0.333333333333 0.845297905495 False
scimakelatex.2728.none.txt 0.36884802596 0.196280305546 0.428571428571 0.755516835256 0.277777777778 0.835546471674 False
scimakelatex.27290.none.txt 0.396430502975 0.209647957489 0.428571428571 0.775018124856 0.333333333333 0.845802625035 False
scimakelatex.27458.none.txt 0.371552190373 0.206077715045 0.5 0.776557568858 0.611111111111 0.808850990636 False
scimakelatex.27539.none.txt 0.365603028664 0.192294918632 0.428571428571 0.784505351012 0.611111111111 0.843670647758 False
scimakelatex.27559.none.txt 0.398593834505 0.217120557954 0.5 0.764148201987 0.388888888889 0.836617574281 False
scimakelatex.27769.none.txt 0.371552190373 0.207987379608 0.5 0.741037213388 0.333333333333 0.845029595416 False
scimakelatex.27905.none.txt 0.412114656571 0.232480903354 0.5 0.754237500043 0.388888888889 0.829062942401 False
scimakelatex.27915.none.txt 0.399134667388 0.218282962471 0.5 0.757818025235 0.388888888889 0.81775797986 False
scimakelatex.27953.none.txt 0.362898864251 0.199186316838 0.5 0.745203981953 0.333333333333 0.839243728993 False
scimakelatex.28009.none.txt 0.394808004327 0.21745267353 0.5 0.754823215952 0.388888888889 0.818320122736 False
scimakelatex.28115.none.txt 0.416982152515 0.220026569246 0.428571428571 0.765556657458 0.388888888889 0.831381244875 False
scimakelatex.28124.none.txt 0.368307193077 0.202175357024 0.5 0.755293811724 0.388888888889 0.836847862116 False
scimakelatex.28147.none.txt 0.359113034072 0.191381600797 0.428571428571 0.770403446365 0.333333333333 0.819081400918 False
scimakelatex.28242.none.txt 0.432666306111 0.250498173364 0.5 0.742661725594 0.333333333333 0.811037851998 False
scimakelatex.28361.none.txt 0.387777176852 0.204001992693 0.428571428571 0.763801030247 0.333333333333 0.828300485745 False
scimakelatex.28494.none.txt 0.386695511087 0.217120557954 0.5 0.746150295783 0.333333333333 0.836043689251 False
scimakelatex.2853.none.txt 0.372093023256 0.201843241448 0.5 0.757568444774 0.333333333333 0.826608479277 False
scimakelatex.2864.none.txt 0.420767982693 0.234888741282 0.5 0.753165773651 0.333333333333 0.828773578083 False
scimakelatex.28642.none.txt 0.418604651163 0.228412487546 0.5 0.769784392609 0.5 0.836196794083 False
scimakelatex.28722.none.txt 0.405083829097 0.222600464962 0.5 0.750584855862 0.333333333333 0.835827202788 False
scimakelatex.28811.none.txt 0.362898864251 0.197027565593 0.5 0.755427871818 0.444444444444 0.838750155674 False
scimakelatex.28896.none.txt 0.382368848026 0.201760212554 0.428571428571 0.767092372177 0.333333333333 0.824995786541 False
scimakelatex.28965.none.txt 0.448350459708 0.253985386915 0.5 0.741431682673 0.388888888889 0.847795637016 False
scimakelatex.29025.none.txt 0.36884802596 0.201095981402 0.5 0.770521399873 0.555555555556 0.838387894481 False
scimakelatex.2905.none.txt 0.382368848026 0.217618731318 0.5 0.746011405572 0.333333333333 0.830672327928 False
scimakelatex.29050.none.txt 0.39967550027 0.218532049153 0.5 0.763370712333 0.388888888889 0.81801245678 False
scimakelatex.29066.none.txt 0.386695511087 0.21313517104 0.5 0.749516006869 0.333333333333 0.85000820075 False
scimakelatex.29071.none.txt 0.395348837209 0.218365991365 0.5 0.741448897176 0.333333333333 0.850586434787 False
scimakelatex.2909.none.txt 0.401838831801 0.228661574228 0.5 0.745537452582 0.333333333333 0.832094980241 False
scimakelatex.29143.none.txt 0.387777176852 0.205911657257 0.428571428571 0.771144227123 0.388888888889 0.856633237372 False
scimakelatex.29214.none.txt 0.381287182261 0.215626037861 0.5 0.747646427708 0.333333333333 0.849351813614 False
scimakelatex.29233.none.txt 0.36884802596 0.205247426104 0.5 0.749895169903 0.333333333333 0.828024770662 False
scimakelatex.29237.none.txt 0.423472147107 0.225755562936 0.428571428571 0.779120924287 0.388888888889 0.837573157136 False
scimakelatex.29433.none.txt 0.374797187669 0.201095981402 0.428571428571 0.752877401179 0.388888888889 0.863079156495 False
scimakelatex.29459.none.txt 0.352082206598 0.193208236466 0.5 0.741951484895 0.333333333333 0.843320914892 False
scimakelatex.29557.none.txt 0.404542996214 0.230405181003 0.5 0.745289349615 0.333333333333 0.819511603715 False
scimakelatex.29582.none.txt 0.368307193077 0.203171703753 0.5 0.747634497999 0.333333333333 0.838863201519 False
scimakelatex.2963.none.txt 0.416441319632 0.229907007639 0.5 0.752406390207 0.388888888889 0.829563962065 False
scimakelatex.29708.none.txt 0.427798810168 0.237379608104 0.5 0.756341449428 0.444444444444 0.846906942552 False
scimakelatex.29800.none.txt 0.442942130882 0.254732646961 0.5 0.747040726411 0.333333333333 0.845090599694 False
scimakelatex.30042.none.txt 0.383991346674 0.208153437396 0.5 0.761843037539 0.333333333333 0.825371615063 False
scimakelatex.30056.none.txt 0.361276365603 0.196861507805 0.5 0.757012960586 0.333333333333 0.834691775671 False
scimakelatex.30231.none.txt 0.408869659275 0.225506476254 0.5 0.762165187696 0.333333333333 0.81804828271 False
scimakelatex.30233.none.txt 0.402379664684 0.217950846895 0.5 0.790673752515 0.611111111111 0.849032906131 False
scimakelatex.30297.none.txt 0.41590048675 0.229657920956 0.5 0.760495753978 0.388888888889 0.846301347193 False
scimakelatex.30347.none.txt 0.366684694429 0.19287612089 0.428571428571 0.779116767174 0.444444444444 0.813468006965 False
scimakelatex.3036.none.txt 0.382909680909 0.212221853205 0.5 0.75830468186 0.333333333333 0.801159756727 False
scimakelatex.30391.none.txt 0.398053001622 0.220856858187 0.5 0.756388719437 0.5 0.84534116223 False
scimakelatex.30524.none.txt 0.401838831801 0.216290269014 0.5 0.755079189234 0.388888888889 0.845838015886 False
scimakelatex.30548.none.txt 0.406706327745 0.225506476254 0.5 0.748893430214 0.333333333333 0.848922198494 False
scimakelatex.30647.none.txt 0.376419686317 0.205828628363 0.5 0.75613108651 0.444444444444 0.843045386072 False
scimakelatex.30719.none.txt 0.371011357491 0.198688143474 0.428571428571 0.752548803672 0.333333333333 0.870537259591 False
scimakelatex.30726.none.txt 0.396430502975 0.21703752906 0.5 0.76339596892 0.388888888889 0.836663584555 False
scimakelatex.30747.none.txt 0.401297998918 0.226170707406 0.5 0.737056720175 0.333333333333 0.842092627853 False
scimakelatex.3078.none.txt 0.378583017847 0.203918963799 0.5 0.757819418898 0.444444444444 0.853733503081 False
scimakelatex.30914.none.txt 0.367766360195 0.206243772833 0.5 0.751783638713 0.333333333333 0.842510085142 False
scimakelatex.31043.none.txt 0.38723634397 0.215127864497 0.5 0.762423534333 0.333333333333 0.835869179012 False
scimakelatex.31050.none.txt 0.392644672796 0.213716373298 0.5 0.768309070327 0.333333333333 0.813216146573 False
scimakelatex.31084.none.txt 0.31963223364 0.175772168715 0.5 0.737468572849 0.277777777778 0.832564147654 False
scimakelatex.311.none.txt 0.343969713359 0.177681833278 0.428571428571 0.781115877614 0.555555555556 0.833566865912 False
scimakelatex.31109.none.txt 0.41590048675 0.234556625706 0.5 0.736266887011 0.333333333333 0.857530638041 False
scimakelatex.31246.none.txt 0.398053001622 0.220856858187 0.5 0.757308188221 0.388888888889 0.829003849314 False
scimakelatex.31296.none.txt 0.427798810168 0.239372301561 0.5 0.750317055802 0.333333333333 0.833734430363 False
scimakelatex.3131.none.txt 0.394267171444 0.21969445367 0.5 0.751853563389 0.333333333333 0.822461526417 False
scimakelatex.3137.none.txt 0.398053001622 0.225506476254 0.5 0.751461136991 0.388888888889 0.844620556665 False
scimakelatex.31484.none.txt 0.293672255273 0.148455662571 0.428571428571 0.767872837568 0.388888888889 0.838230758683 False
scimakelatex.31570.none.txt 0.3893996755 0.215709066755 0.5 0.755243546528 0.388888888889 0.829820213806 False
scimakelatex.31759.none.txt 0.440237966468 0.250498173364 0.5 0.743174930214 0.333333333333 0.849405164875 False
scimakelatex.31790.none.txt 0.407247160627 0.223098638326 0.5 0.755680918466 0.333333333333 0.839421155984 False
scimakelatex.31800.none.txt 0.398053001622 0.212886084357 0.428571428571 0.773410926871 0.444444444444 0.82681983021 False
scimakelatex.31902.none.txt 0.34829637642 0.182829624709 0.428571428571 0.768676053067 0.388888888889 0.831042499797 False
scimakelatex.31983.none.txt 0.332612222823 0.175606110927 0.428571428571 0.764971630783 0.333333333333 0.834400818603 False
scimakelatex.31984.none.txt 0.392644672796 0.210229159748 0.428571428571 0.764888303094 0.333333333333 0.831696849787 False
scimakelatex.32041.none.txt 0.39751216874 0.218781135835 0.5 0.758409176568 0.333333333333 0.82904150206 False
scimakelatex.32067.none.txt 0.39967550027 0.225755562936 0.5 0.742793583213 0.333333333333 0.847152403247 False
scimakelatex.32082.none.txt 0.396430502975 0.213799402192 0.5 0.784066962877 0.444444444444 0.827835897961 False
scimakelatex.32102.none.txt 0.425094645754 0.247841248755 0.5 0.749232353068 0.388888888889 0.835241801849 False
scimakelatex.32136.none.txt 0.385613845322 0.211225506476 0.5 0.759699768807 0.444444444444 0.842153268382 False
scimakelatex.32182.none.txt 0.400757166036 0.222849551644 0.5 0.760123737097 0.333333333333 0.810743925797 False
scimakelatex.32254.none.txt 0.380746349378 0.215210893391 0.5 0.744621013433 0.333333333333 0.831097678723 False
scimakelatex.32416.none.txt 0.381828015143 0.209481899701 0.5 0.75563265559 0.388888888889 0.835130706513 False
scimakelatex.32566.none.txt 0.386154678204 0.213799402192 0.5 0.742812757408 0.277777777778 0.851822627156 False
scimakelatex.32569.none.txt 0.385613845322 0.205496512786 0.428571428571 0.75808799003 0.333333333333 0.827171971417 False
scimakelatex.32607.none.txt 0.412114656571 0.225008302889 0.5 0.764586229037 0.333333333333 0.845138849091 False
scimakelatex.32624.none.txt 0.395348837209 0.21313517104 0.5 0.761530500222 0.388888888889 0.836583144559 False
scimakelatex.3263.none.txt 0.400216333153 0.225921620724 0.5 0.747675745773 0.333333333333 0.828533767064 False
scimakelatex.32652.none.txt 0.386695511087 0.219860511458 0.5 0.751950255627 0.333333333333 0.83002016324 False
scimakelatex.32719.none.txt 0.396430502975 0.219196280306 0.5 0.756074000974 0.333333333333 0.828433461853 False
scimakelatex.3296.none.txt 0.356408869659 0.197525738957 0.5 0.754502193154 0.333333333333 0.823147957672 False
scimakelatex.3414.none.txt 0.408869659275 0.230322152109 0.5 0.763554003586 0.388888888889 0.816481503217 False
scimakelatex.3425.none.txt 0.361276365603 0.202258385918 0.5 0.754572189953 0.333333333333 0.799018230733 False
scimakelatex.3441.none.txt 0.373174689021 0.202673530389 0.5 0.747319857246 0.333333333333 0.835954887936 False
scimakelatex.3557.none.txt 0.372633856138 0.201179010296 0.5 0.754501410242 0.388888888889 0.831355265432 False
scimakelatex.3564.none.txt 0.362358031368 0.194868814347 0.5 0.763388076434 0.388888888889 0.833265476653 False
scimakelatex.359.none.txt 0.390481341266 0.216539355696 0.5 0.758344066925 0.333333333333 0.808228510429 False
scimakelatex.3602.none.txt 0.395348837209 0.227250083029 0.5 0.740202520161 0.277777777778 0.816478949072 False
scimakelatex.3649.none.txt 0.116279069767 0.0517270009963 0.357142857143 0.757138393827 0.333333333333 0.837568094982 False
scimakelatex.3773.none.txt 0.401838831801 0.221770176021 0.5 0.764758855941 0.333333333333 0.817364120047 False
scimakelatex.3775.none.txt 0.396430502975 0.216124211226 0.5 0.757459185683 0.444444444444 0.848671226218 False
scimakelatex.3795.none.txt 0.39967550027 0.218449020259 0.5 0.760861003541 0.388888888889 0.841710975775 False
scimakelatex.3819.none.txt 0.405083829097 0.231401527732 0.5 0.755316729496 0.333333333333 0.832703503836 False
scimakelatex.3938.none.txt 0.374256354786 0.197359681169 0.428571428571 0.773068886997 0.388888888889 0.821807261755 False
scimakelatex.3997.none.txt 0.377501352082 0.213052142145 0.5 0.740158737337 0.333333333333 0.833967839308 False
scimakelatex.401.none.txt 0.391022174148 0.223928927267 0.5 0.732583573433 0.277777777778 0.837503433832 False
scimakelatex.4023.none.txt 0.394808004327 0.2108933909 0.428571428571 0.766130105668 0.444444444444 0.847548167752 False
scimakelatex.4167.none.txt 0.371552190373 0.200182663567 0.5 0.751420018517 0.277777777778 0.844562088639 False
scimakelatex.433.none.txt 0.411032990806 0.229076718698 0.5 0.759780658415 0.333333333333 0.815794037011 False
scimakelatex.4332.none.txt 0.363439697134 0.195782132182 0.5 0.752886187697 0.333333333333 0.843928854364 False
scimakelatex.4341.none.txt 0.36884802596 0.198771172368 0.5 0.781343077643 0.555555555556 0.8478246407 False
scimakelatex.4344.none.txt 0.39751216874 0.22052474261 0.5 0.759457620469 0.388888888889 0.825543716974 False
scimakelatex.4461.none.txt 0.405083829097 0.23198272999 0.5 0.742964587067 0.277777777778 0.824809008733 False
scimakelatex.4486.none.txt 0.314764737696 0.162902690136 0.428571428571 0.759307172233 0.388888888889 0.863851718615 False
scimakelatex.4647.none.txt 0.402379664684 0.217701760213 0.5 0.765214922611 0.444444444444 0.867101116513 False
scimakelatex.478.none.txt 0.39751216874 0.227499169711 0.5 0.746553844063 0.333333333333 0.825573215435 False
scimakelatex.4846.none.txt 0.36884802596 0.205911657257 0.5 0.749142698837 0.388888888889 0.829921291544 False
scimakelatex.5003.none.txt 0.378583017847 0.211474593158 0.5 0.74286395531 0.277777777778 0.822769625009 False
scimakelatex.5150.none.txt 0.366143861547 0.196031218864 0.428571428571 0.753653294425 0.333333333333 0.855598424511 False
scimakelatex.5166.none.txt 0.425094645754 0.236549319163 0.5 0.754743642729 0.388888888889 0.824119484317 False
scimakelatex.519.none.txt 0.424553812872 0.236466290269 0.5 0.738843855615 0.333333333333 0.859569437584 False
scimakelatex.5346.none.txt 0.405083829097 0.235719030223 0.5 0.744486409687 0.388888888889 0.850577682005 False
scimakelatex.5388.none.txt 0.387777176852 0.223679840585 0.5 0.730616638617 0.277777777778 0.826782046316 False
scimakelatex.5436.none.txt 0.387777176852 0.21396545998 0.5 0.748393302842 0.333333333333 0.848637278086 False
scimakelatex.5452.none.txt 0.389940508383 0.210146130854 0.5 0.762022750039 0.388888888889 0.865337394928 False
scimakelatex.5557.none.txt 0.391022174148 0.212470939887 0.5 0.768223329808 0.444444444444 0.862295387823 False
scimakelatex.5601.none.txt 0.398053001622 0.21662238459 0.5 0.767998095978 0.388888888889 0.841188242228 False
scimakelatex.5899.none.txt 0.380746349378 0.209814015277 0.5 0.757069564892 0.388888888889 0.847019571356 False
scimakelatex.6093.none.txt 0.400757166036 0.216456326802 0.5 0.759853983538 0.388888888889 0.849288098472 False
scimakelatex.6180.none.txt 0.371011357491 0.203752906011 0.5 0.754349902109 0.333333333333 0.829967019406 False
scimakelatex.6249.none.txt 0.3769605192 0.206741946197 0.5 0.761196641188 0.388888888889 0.810866971949 False
scimakelatex.6293.none.txt 0.35045970795 0.193955496513 0.5 0.753360814554 0.333333333333 0.817598884823 False
scimakelatex.6346.none.txt 0.401297998918 0.220607771504 0.5 0.748127537943 0.333333333333 0.841527422348 False
scimakelatex.6353.none.txt 0.388318009735 0.211474593158 0.5 0.743630650834 0.388888888889 0.869984716764 False
scimakelatex.6505.none.txt 0.410492157923 0.226751909665 0.5 0.759456045194 0.388888888889 0.839531876323 False
scimakelatex.6542.none.txt 0.396430502975 0.219777482564 0.5 0.749450934913 0.333333333333 0.825962869556 False
scimakelatex.6593.none.txt 0.358031368307 0.198854201262 0.5 0.741782397356 0.388888888889 0.84050913683 False
scimakelatex.660.none.txt 0.373715521904 0.20433410827 0.5 0.758571208848 0.444444444444 0.829768735236 False
scimakelatex.6640.none.txt 0.394267171444 0.2262537363 0.5 0.743423457544 0.277777777778 0.823451578447 False
scimakelatex.675.none.txt 0.411032990806 0.230986383261 0.5 0.748398602732 0.333333333333 0.831115504004 False
scimakelatex.6797.none.txt 0.378583017847 0.207323148456 0.5 0.75108892806 0.333333333333 0.830919567941 False
scimakelatex.6805.none.txt 0.392103839913 0.205496512786 0.428571428571 0.775138716898 0.5 0.815817095699 False
scimakelatex.691.none.txt 0.374797187669 0.20516439721 0.5 0.757589876539 0.388888888889 0.838263213136 False
scimakelatex.7004.none.txt 0.385613845322 0.208402524078 0.5 0.76403033419 0.388888888889 0.845629313791 False
scimakelatex.7031.none.txt 0.399134667388 0.220773829293 0.5 0.763797152756 0.388888888889 0.81048094708 False
scimakelatex.7103.none.txt 0.332071389941 0.186067751578 0.5 0.736419382436 0.333333333333 0.845842471195 False
scimakelatex.7226.none.txt 0.371552190373 0.196197276652 0.428571428571 0.755544406887 0.333333333333 0.85575045745 False
scimakelatex.7231.none.txt 0.404542996214 0.221105944869 0.5 0.767887913806 0.333333333333 0.80953109172 False
scimakelatex.7292.none.txt 0.353704705246 0.189721022916 0.428571428571 0.756812193936 0.333333333333 0.824305867478 False
scimakelatex.7398.none.txt 0.398053001622 0.221521089339 0.5 0.74749153511 0.333333333333 0.853087956713 False
scimakelatex.7440.none.txt 0.366143861547 0.203669877117 0.5 0.760687614898 0.388888888889 0.812551365724 False
scimakelatex.7486.none.txt 0.433747971877 0.242693457323 0.5 0.756564814555 0.333333333333 0.832080963231 False
scimakelatex.7541.none.txt 0.366684694429 0.191381600797 0.428571428571 0.763914079191 0.333333333333 0.824170463526 False
scimakelatex.7572.none.txt 0.367766360195 0.199186316838 0.5 0.750772925149 0.388888888889 0.830579780913 False
scimakelatex.7589.none.txt 0.41806381828 0.222932580538 0.428571428571 0.768453382399 0.388888888889 0.835683032389 False
scimakelatex.7668.none.txt 0.381828015143 0.204583194952 0.428571428571 0.759770189996 0.388888888889 0.830044051333 False
scimakelatex.7669.none.txt 0.388858842618 0.209730986383 0.5 0.763611510364 0.388888888889 0.835450019098 False
scimakelatex.7831.none.txt 0.374797187669 0.20740617735 0.5 0.752918671994 0.333333333333 0.80825960624 False
scimakelatex.7922.none.txt 0.365062195782 0.198522085686 0.5 0.760239220427 0.333333333333 0.821462297381 False
scimakelatex.8039.none.txt 0.392644672796 0.218615078047 0.5 0.75034138406 0.444444444444 0.865785165234 False
scimakelatex.810.none.txt 0.395889670092 0.214629691133 0.5 0.753168769732 0.333333333333 0.833525064485 False
scimakelatex.8145.none.txt 0.353163872363 0.181169046828 0.428571428571 0.768358715634 0.333333333333 0.858697943588 False
scimakelatex.8148.none.txt 0.391022174148 0.212470939887 0.5 0.757214117271 0.388888888889 0.862958477097 False
scimakelatex.8310.none.txt 0.378042184965 0.206243772833 0.5 0.745389613761 0.333333333333 0.856831618913 False
scimakelatex.8327.none.txt 0.381828015143 0.208983726337 0.5 0.758217306572 0.333333333333 0.836161653393 False
scimakelatex.8347.none.txt 0.385613845322 0.214463633344 0.5 0.760879619598 0.333333333333 0.817663848581 False
scimakelatex.8351.none.txt 0.383450513791 0.20516439721 0.428571428571 0.762531118934 0.388888888889 0.832904783887 False
scimakelatex.8391.none.txt 0.39967550027 0.214131517768 0.428571428571 0.771199704977 0.333333333333 0.833398959144 False
scimakelatex.8418.none.txt 0.411573823688 0.22932580538 0.5 0.7528660422 0.388888888889 0.850564697033 False
scimakelatex.8435.none.txt 0.425635478637 0.235552972434 0.5 0.756970680524 0.333333333333 0.8315708852 False
scimakelatex.8513.none.txt 0.389940508383 0.208817668549 0.428571428571 0.771145761096 0.388888888889 0.847553480216 False
scimakelatex.8613.none.txt 0.371552190373 0.197608767851 0.428571428571 0.772999012976 0.388888888889 0.839911082264 False
scimakelatex.8647.none.txt 0.396971335857 0.214214546662 0.5 0.749503699043 0.333333333333 0.835210675357 False
scimakelatex.8661.none.txt 0.41806381828 0.23198272999 0.5 0.767979465924 0.444444444444 0.840195255454 False
scimakelatex.8761.none.txt 0.411032990806 0.224842245101 0.5 0.759904356783 0.333333333333 0.84176815963 False
scimakelatex.880.none.txt 0.374256354786 0.207655264032 0.5 0.748751016022 0.333333333333 0.847598587144 False
scimakelatex.8915.none.txt 0.375338020552 0.197525738957 0.428571428571 0.790068414348 0.388888888889 0.808718860674 False
scimakelatex.9042.none.txt 0.401297998918 0.219362338094 0.5 0.751586990881 0.333333333333 0.845551835035 False
scimakelatex.9082.none.txt 0.356949702542 0.192710063102 0.5 0.752397840315 0.333333333333 0.856073974459 False
scimakelatex.9108.none.txt 0.366684694429 0.195699103288 0.428571428571 0.755232502407 0.388888888889 0.860446228682 False
scimakelatex.9215.none.txt 0.388318009735 0.209814015277 0.5 0.756705964642 0.333333333333 0.83351912756 False
scimakelatex.9272.none.txt 0.425094645754 0.231650614414 0.5 0.761846951427 0.388888888889 0.817244480303 False
scimakelatex.9300.none.txt 0.375878853434 0.197940883427 0.428571428571 0.768541506852 0.388888888889 0.821434796635 False
scimakelatex.9446.none.txt 0.406165494862 0.232065758884 0.5 0.753195739015 0.333333333333 0.822619767862 False
scimakelatex.9484.none.txt 0.398593834505 0.223430753902 0.5 0.749102153204 0.333333333333 0.831036345576 False
scimakelatex.9500.none.txt 0.369388858843 0.198688143474 0.5 0.766557724675 0.388888888889 0.840912863847 False
scimakelatex.9557.none.txt 0.39967550027 0.222019262703 0.5 0.759982414467 0.333333333333 0.814537297112 False
scimakelatex.9680.none.txt 0.404542996214 0.227499169711 0.5 0.751626902739 0.333333333333 0.828139712744 False
scimakelatex.9682.none.txt 0.341265548945 0.17793091996 0.428571428571 0.763651747457 0.333333333333 0.843117972137 False
scimakelatex.9742.none.txt 0.37912385073 0.208651610761 0.5 0.746263840772 0.333333333333 0.851818478266 False
scimakelatex.977.none.txt 0.359653866955 0.195699103288 0.5 0.768500458601 0.333333333333 0.825232091829 False
scimakelatex.9791.none.txt 0.392644672796 0.217784789107 0.5 0.753045739527 0.333333333333 0.818935218944 False
scimakelatex.9878.none.txt 0.341265548945 0.185735636001 0.5 0.739333614235 0.333333333333 0.860826461353 False
scimakelatex.10246.none.txt 0.384532179557 0.208402524078 0.5 0.79097725712 0.555555555556 0.836699097254 False
scimakelatex.10476.none.txt 0.387777176852 0.208734639655 0.5 0.764080027089 0.388888888889 0.796713372031 False
scimakelatex.10566.none.txt 0.363980530016 0.194038525407 0.428571428571 0.755692940871 0.388888888889 0.846165666402 False
scimakelatex.1077.none.txt 0.382368848026 0.209232813019 0.5 0.754496799842 0.333333333333 0.826315929771 False
scimakelatex.11234.none.txt 0.371011357491 0.200763865825 0.5 0.750399677598 0.333333333333 0.839007502447 False
scimakelatex.11238.none.txt 0.38723634397 0.217784789107 0.5 0.749867131239 0.333333333333 0.818002918652 False
scimakelatex.11616.none.txt 0.420227149811 0.238625041514 0.5 0.748681072457 0.333333333333 0.843698779278 False
scimakelatex.11871.none.txt 0.393185505679 0.211225506476 0.428571428571 0.757559968827 0.333333333333 0.858598057492 False
scimakelatex.11932.none.txt 0.384532179557 0.215376951179 0.5 0.750611409903 0.388888888889 0.870064662715 False
scimakelatex.12162.none.txt 0.42617631152 0.242859515111 0.5 0.758392008086 0.388888888889 0.818720370221 False
scimakelatex.12421.none.txt 0.43645213629 0.250332115576 0.5 0.751553046492 0.333333333333 0.824021201889 False
scimakelatex.12535.none.txt 0.376419686317 0.211806708735 0.5 0.744062077924 0.333333333333 0.853692294681 False
scimakelatex.12625.none.txt 0.406706327745 0.227250083029 0.5 0.744374485025 0.333333333333 0.849488330443 False
scimakelatex.12797.none.txt 0.353704705246 0.192959149784 0.5 0.755647501612 0.388888888889 0.824032685863 False
scimakelatex.12904.none.txt 0.409410492158 0.233062105613 0.5 0.740069645391 0.388888888889 0.833786341206 False
scimakelatex.13204.none.txt 0.406165494862 0.221105944869 0.5 0.76825713863 0.388888888889 0.849577649444 False
scimakelatex.13511.none.txt 0.389940508383 0.21662238459 0.5 0.741538364604 0.333333333333 0.823418537224 False
scimakelatex.13516.none.txt 0.353704705246 0.190302225174 0.5 0.753868144438 0.277777777778 0.828246067171 False
scimakelatex.13720.none.txt 0.383450513791 0.205579541681 0.428571428571 0.762836165829 0.5 0.83148998535 False
scimakelatex.1380.none.txt 0.386695511087 0.214297575556 0.5 0.744130256998 0.277777777778 0.849041545491 False
scimakelatex.13808.none.txt 0.355868036777 0.193872467619 0.5 0.748010138266 0.333333333333 0.829481193068 False
scimakelatex.13831.none.txt 0.374797187669 0.203669877117 0.5 0.75499741775 0.333333333333 0.815884562888 False
scimakelatex.13910.none.txt 0.418604651163 0.236217203587 0.5 0.753442137081 0.444444444444 0.824905290982 False
scimakelatex.13916.none.txt 0.398593834505 0.227997343075 0.5 0.735074857309 0.333333333333 0.855248058215 False
scimakelatex.14006.none.txt 0.347755543537 0.186898040518 0.5 0.755278104808 0.388888888889 0.840104055216 False
scimakelatex.1406.none.txt 0.437533802055 0.262537363002 0.5 0.73243601786 0.333333333333 0.815242747645 False
scimakelatex.14069.none.txt 0.355327203894 0.192544005314 0.5 0.761631983115 0.333333333333 0.819276319583 False
scimakelatex.14113.none.txt 0.343969713359 0.184656260379 0.428571428571 0.761482423777 0.388888888889 0.827049824898 False
scimakelatex.14253.none.txt 0.3769605192 0.212553968781 0.5 0.740287595098 0.333333333333 0.845492925268 False
scimakelatex.14428.none.txt 0.393726338561 0.224510129525 0.5 0.744546550567 0.333333333333 0.831725133861 False
scimakelatex.14496.none.txt 0.378042184965 0.202922617071 0.428571428571 0.765475614638 0.444444444444 0.820133286131 False
scimakelatex.14563.none.txt 0.395348837209 0.221687147127 0.5 0.755656814335 0.333333333333 0.828910379103 False
scimakelatex.14570.none.txt 0.392644672796 0.217867818001 0.5 0.749359781198 0.333333333333 0.838185522149 False
scimakelatex.14750.none.txt 0.407247160627 0.228993689804 0.5 0.756681643697 0.388888888889 0.839872363674 False
scimakelatex.14925.none.txt 0.3769605192 0.201843241448 0.428571428571 0.765494403011 0.388888888889 0.818564054311 False
scimakelatex.14929.none.txt 0.394267171444 0.217950846895 0.5 0.755460156984 0.333333333333 0.828665486584 False
scimakelatex.15090.none.txt 0.416441319632 0.235885088011 0.5 0.743000023925 0.333333333333 0.854658697428 False
scimakelatex.15456.none.txt 0.412655489454 0.232813018931 0.5 0.748235563158 0.333333333333 0.82462524744 False
scimakelatex.15720.none.txt 0.400216333153 0.221272002657 0.5 0.749345315376 0.333333333333 0.844298562276 False
scimakelatex.16133.none.txt 0.388858842618 0.205745599469 0.428571428571 0.77025104021 0.444444444444 0.830453610372 False
scimakelatex.16341.none.txt 0.396430502975 0.220441713716 0.5 0.764714175532 0.388888888889 0.811681852987 False
scimakelatex.16553.none.txt 0.39967550027 0.22052474261 0.5 0.74388990958 0.333333333333 0.846958671609 False
scimakelatex.16894.none.txt 0.425094645754 0.24036864829 0.5 0.736359452575 0.277777777778 0.849436083499 False
scimakelatex.16903.none.txt 0.36884802596 0.198439056792 0.5 0.767309660481 0.333333333333 0.823504561953 False
scimakelatex.16991.none.txt 0.385073012439 0.208817668549 0.5 0.758746113442 0.333333333333 0.838469151693 False
scimakelatex.17246.none.txt 0.374797187669 0.203420790435 0.5 0.751461160601 0.333333333333 0.843382081108 False
scimakelatex.17454.none.txt 0.375878853434 0.204085021588 0.5 0.747565852217 0.388888888889 0.846390527219 False
scimakelatex.17471.none.txt 0.415359653867 0.226585851876 0.5 0.771776862754 0.5 0.83639472262 False
scimakelatex.17561.none.txt 0.383450513791 0.211474593158 0.5 0.761339983439 0.333333333333 0.818813968159 False
scimakelatex.1772.none.txt 0.405083829097 0.221272002657 0.5 0.750533725597 0.333333333333 0.82851551456 False
scimakelatex.17912.none.txt 0.365062195782 0.195865161076 0.428571428571 0.761378310803 0.388888888889 0.820394511289 False
scimakelatex.18090.none.txt 0.363439697134 0.194868814347 0.428571428571 0.761982336169 0.388888888889 0.832805575849 False
scimakelatex.18124.none.txt 0.31963223364 0.166888077051 0.428571428571 0.763933699466 0.388888888889 0.893693933612 False
scimakelatex.18129.none.txt 0.353704705246 0.197193623381 0.5 0.752104641715 0.333333333333 0.805613500764 False
scimakelatex.18162.none.txt 0.395889670092 0.218864164729 0.5 0.761105489025 0.333333333333 0.829642318227 False
scimakelatex.18576.none.txt 0.381828015143 0.201594154766 0.428571428571 0.7628372394 0.333333333333 0.854720336688 False
scimakelatex.18665.none.txt 0.393726338561 0.218698106941 0.5 0.744082062052 0.388888888889 0.872311743193 False
scimakelatex.18792.none.txt 0.401838831801 0.229076718698 0.5 0.747612071759 0.333333333333 0.824511044453 False
scimakelatex.1881.none.txt 0.404542996214 0.22235137828 0.5 0.756508468515 0.277777777778 0.854416781275 False
scimakelatex.18835.none.txt 0.393726338561 0.215543008967 0.5 0.758848270024 0.333333333333 0.819383784304 False
scimakelatex.19219.none.txt 0.365603028664 0.201843241448 0.5 0.757100820001 0.333333333333 0.821665633147 False
scimakelatex.19283.none.txt 0.374797187669 0.209814015277 0.5 0.74968325736 0.333333333333 0.840447180405 False
scimakelatex.1941.none.txt 0.380205516495 0.202922617071 0.428571428571 0.776350954531 0.444444444444 0.843809200865 False
scimakelatex.19760.none.txt 0.335316387236 0.184241115908 0.5 0.741747116403 0.388888888889 0.835391867532 False
scimakelatex.19786.none.txt 0.364521362899 0.18938890734 0.428571428571 0.765811079978 0.444444444444 0.857530208791 False
scimakelatex.19825.none.txt 0.403461330449 0.217618731318 0.5 0.756583583737 0.333333333333 0.823021125779 False
scimakelatex.1998.none.txt 0.395889670092 0.222683493856 0.5 0.739482455042 0.333333333333 0.842674657019 False
scimakelatex.20073.none.txt 0.368307193077 0.197110594487 0.428571428571 0.754112860269 0.333333333333 0.840349468528 False
scimakelatex.20409.none.txt 0.374797187669 0.204085021588 0.5 0.765503012161 0.388888888889 0.83269895748 False
scimakelatex.20477.none.txt 0.432125473229 0.245765526403 0.5 0.765475563126 0.333333333333 0.823540552485 False
scimakelatex.20592.none.txt 0.39751216874 0.217950846895 0.5 0.754430689169 0.333333333333 0.836140005402 False
scimakelatex.20760.none.txt 0.391563007031 0.220856858187 0.5 0.747442976306 0.388888888889 0.83443411342 False
scimakelatex.20900.none.txt 0.361817198486 0.2025074726 0.5 0.743899439536 0.388888888889 0.839211864528 False
scimakelatex.21219.none.txt 0.370470524608 0.19818997011 0.428571428571 0.753696544941 0.388888888889 0.8656429096 False
scimakelatex.21313.none.txt 0.367225527312 0.200846894719 0.5 0.757192844979 0.388888888889 0.819408015782 False
scimakelatex.21485.none.txt 0.404002163332 0.230903354367 0.5 0.741071225623 0.333333333333 0.827741792007 False
scimakelatex.21737.none.txt 0.374256354786 0.20740617735 0.5 0.755703491631 0.388888888889 0.822352985122 False
scimakelatex.21755.none.txt 0.35045970795 0.192627034208 0.5 0.759963532623 0.444444444444 0.818273470154 False
scimakelatex.2177.none.txt 0.412114656571 0.230571238791 0.5 0.75470005823 0.333333333333 0.82755016857 False
scimakelatex.21800.none.txt 0.395889670092 0.215543008967 0.5 0.756966792626 0.388888888889 0.821418895362 False
scimakelatex.21986.none.txt 0.401297998918 0.215127864497 0.428571428571 0.761948298722 0.444444444444 0.842525063915 False
scimakelatex.22076.none.txt 0.400216333153 0.217203586848 0.5 0.763426653988 0.388888888889 0.868910434924 False
scimakelatex.2225.none.txt 0.389940508383 0.209232813019 0.428571428571 0.765127964954 0.388888888889 0.861739332235 False
scimakelatex.22436.none.txt 0.415359653867 0.234307539024 0.5 0.74604448332 0.333333333333 0.832132410194 False
scimakelatex.22635.none.txt 0.354245538129 0.186565924942 0.428571428571 0.766930943655 0.388888888889 0.839712051909 False
scimakelatex.23298.none.txt 0.377501352082 0.206409830621 0.5 0.757522132307 0.333333333333 0.791569136423 False
scimakelatex.23299.none.txt 0.402920497566 0.23239787446 0.5 0.741639679705 0.333333333333 0.819038566339 False
scimakelatex.23372.none.txt 0.3893996755 0.209980073065 0.5 0.747010701592 0.333333333333 0.853060264915 False
scimakelatex.23415.none.txt 0.374256354786 0.199186316838 0.428571428571 0.748891525086 0.333333333333 0.850867575219 False
scimakelatex.23661.none.txt 0.41590048675 0.233892394553 0.5 0.746921803321 0.333333333333 0.852932882162 False
scimakelatex.23827.none.txt 0.416441319632 0.236134174693 0.5 0.746718942631 0.388888888889 0.812677341543 False
scimakelatex.23854.none.txt 0.408328826393 0.225672534042 0.5 0.749848307189 0.444444444444 0.841898461792 False
scimakelatex.2403.none.txt 0.409410492158 0.230239123215 0.5 0.739564549216 0.277777777778 0.859549318876 False
scimakelatex.24034.none.txt 0.385613845322 0.209814015277 0.5 0.759959335981 0.388888888889 0.834957093678 False
scimakelatex.24036.none.txt 0.403461330449 0.216871471272 0.5 0.763469675705 0.333333333333 0.817491798516 False
scimakelatex.24200.none.txt 0.374797187669 0.204832281634 0.5 0.752000939411 0.333333333333 0.837199984406 False
scimakelatex.24523.none.txt 0.400216333153 0.206991032879 0.428571428571 0.770475418754 0.388888888889 0.838005789734 False
scimakelatex.24560.none.txt 0.392644672796 0.210395217536 0.428571428571 0.763494070802 0.333333333333 0.835591148103 False
scimakelatex.24780.none.txt 0.386695511087 0.212969113251 0.5 0.763898070883 0.444444444444 0.841647714204 False
scimakelatex.24892.none.txt 0.393185505679 0.213301228828 0.5 0.758471769085 0.388888888889 0.800016525925 False
scimakelatex.24894.none.txt 0.359653866955 0.199352374626 0.5 0.750425338572 0.333333333333 0.812552666491 False
scimakelatex.25097.none.txt 0.41806381828 0.225755562936 0.5 0.759842590607 0.333333333333 0.840249067387 False
scimakelatex.2524.none.txt 0.381828015143 0.210146130854 0.5 0.755301987691 0.388888888889 0.824652334131 False
scimakelatex.25322.none.txt 0.380205516495 0.206243772833 0.5 0.752251492383 0.333333333333 0.82398750897 False
scimakelatex.25383.none.txt 0.396430502975 0.217286615742 0.5 0.768989125397 0.444444444444 0.823350784143 False
scimakelatex.25568.none.txt 0.382909680909 0.207074061773 0.5 0.751993991015 0.333333333333 0.85124753043 False
scimakelatex.25621.none.txt 0.35857220119 0.19902025905 0.5 0.752093700018 0.388888888889 0.81324797987 False
scimakelatex.25737.none.txt 0.380746349378 0.199518432414 0.428571428571 0.777352000625 0.388888888889 0.832147601193 False
scimakelatex.25898.none.txt 0.374256354786 0.197442710063 0.428571428571 0.758583382827 0.333333333333 0.83368858581 False
scimakelatex.25947.none.txt 0.362358031368 0.190053138492 0.428571428571 0.766303478869 0.388888888889 0.847673819248 False
scimakelatex.2599.none.txt 0.404002163332 0.223679840585 0.5 0.751241860501 0.333333333333 0.843157077934 False
scimakelatex.2615.none.txt 0.393726338561 0.219860511458 0.5 0.764853161797 0.5 0.830942304186 False
scimakelatex.26183.none.txt 0.414277988102 0.23156758552 0.5 0.741601996906 0.277777777778 0.830453473574 False
scimakelatex.26313.none.txt 0.430502974581 0.23422451013 0.5 0.75752929348 0.388888888889 0.829388475497 False
scimakelatex.26608.none.txt 0.37912385073 0.210063101959 0.5 0.744496595 0.333333333333 0.846446225316 False
scimakelatex.26614.none.txt 0.405624661979 0.231650614414 0.5 0.741408915591 0.333333333333 0.824384334297 False
scimakelatex.26739.none.txt 0.364521362899 0.201760212554 0.5 0.741278284708 0.388888888889 0.840159112919 False
scimakelatex.26780.none.txt 0.383991346674 0.201594154766 0.428571428571 0.760328307409 0.333333333333 0.85371927108 False
scimakelatex.27011.none.txt 0.408869659275 0.227997343075 0.5 0.747260510471 0.277777777778 0.833879448035 False
scimakelatex.27045.none.txt 0.393185505679 0.208402524078 0.428571428571 0.774755890151 0.388888888889 0.845855321012 False
scimakelatex.27082.none.txt 0.36073553272 0.195865161076 0.5 0.761120003062 0.388888888889 0.835221237321 False
scimakelatex.27225.none.txt 0.396971335857 0.221105944869 0.5 0.742247180413 0.277777777778 0.828093160875 False
scimakelatex.27309.none.txt 0.362358031368 0.198854201262 0.5 0.746628869851 0.388888888889 0.856452681781 False
scimakelatex.27549.none.txt 0.391022174148 0.217535702424 0.5 0.749327873307 0.444444444444 0.84459839326 False
scimakelatex.27710.none.txt 0.3769605192 0.205579541681 0.5 0.749312572835 0.333333333333 0.852842054522 False
scimakelatex.27938.none.txt 0.421308815576 0.231650614414 0.5 0.761518795382 0.333333333333 0.826781893678 False
scimakelatex.27972.none.txt 0.389940508383 0.219611424776 0.5 0.737204106629 0.444444444444 0.851048285152 False
scimakelatex.28027.none.txt 0.406706327745 0.222683493856 0.5 0.751380694535 0.333333333333 0.842280135759 False
scimakelatex.28122.none.txt 0.379664683613 0.210229159748 0.5 0.741364764486 0.333333333333 0.83413971739 False
scimakelatex.28350.none.txt 0.438074634938 0.252989040186 0.5 0.750595633231 0.333333333333 0.825076755634 False
scimakelatex.28352.none.txt 0.409410492158 0.233975423447 0.5 0.752697049758 0.444444444444 0.830971134159 False
scimakelatex.28788.none.txt 0.385073012439 0.207323148456 0.5 0.771982180766 0.388888888889 0.828315379473 False
scimakelatex.29254.none.txt 0.388858842618 0.214297575556 0.5 0.756565396332 0.388888888889 0.850410536898 False
scimakelatex.29821.none.txt 0.413737155219 0.233809365659 0.5 0.752630276951 0.388888888889 0.846447252161 False
scimakelatex.29984.none.txt 0.418604651163 0.231816672202 0.5 0.756505493881 0.444444444444 0.840531651071 False
scimakelatex.30309.none.txt 0.382909680909 0.20823646629 0.5 0.755879253936 0.388888888889 0.836724602285 False
scimakelatex.30344.none.txt 0.383450513791 0.209564928595 0.5 0.753707585616 0.333333333333 0.832625850206 False
scimakelatex.30433.none.txt 0.375878853434 0.205413483892 0.5 0.758941837884 0.333333333333 0.822486270955 False
scimakelatex.30692.none.txt 0.394808004327 0.220026569246 0.5 0.74536312801 0.388888888889 0.828605096581 False
scimakelatex.30707.none.txt 0.395348837209 0.218698106941 0.5 0.75072596337 0.388888888889 0.819295538942 False
scimakelatex.30819.none.txt 0.404542996214 0.236383261375 0.5 0.73334037278 0.277777777778 0.8145828043 False
scimakelatex.30963.none.txt 0.408869659275 0.230488209897 0.5 0.749487908359 0.333333333333 0.829685697173 False
scimakelatex.3106.none.txt 0.363439697134 0.189305878446 0.428571428571 0.768178112729 0.388888888889 0.83759433624 False
scimakelatex.31397.none.txt 0.387777176852 0.212886084357 0.5 0.75058773982 0.388888888889 0.864535247986 False
scimakelatex.315.none.txt 0.398053001622 0.224510129525 0.5 0.73934244214 0.277777777778 0.826932572636 False
scimakelatex.31552.none.txt 0.404542996214 0.223513782796 0.5 0.748075486736 0.388888888889 0.848438029843 False
scimakelatex.31561.none.txt 0.390481341266 0.214878777815 0.5 0.756904316873 0.333333333333 0.821166617206 False
scimakelatex.31608.none.txt 0.400216333153 0.221936233809 0.5 0.745616641676 0.388888888889 0.834019747421 False
scimakelatex.31720.none.txt 0.376419686317 0.197193623381 0.428571428571 0.765415684694 0.388888888889 0.841435390067 False
scimakelatex.31928.none.txt 0.361276365603 0.196612421123 0.5 0.76240884049 0.333333333333 0.82307739355 False
scimakelatex.32001.none.txt 0.398593834505 0.224676187313 0.5 0.740016913026 0.333333333333 0.844520328834 False
scimakelatex.32085.none.txt 0.401297998918 0.218116904683 0.5 0.756631237019 0.388888888889 0.843000731055 False
scimakelatex.32092.none.txt 0.395348837209 0.22010959814 0.5 0.755818833586 0.444444444444 0.818618403308 False
scimakelatex.32304.none.txt 0.392644672796 0.222102291597 0.5 0.745749026313 0.333333333333 0.847353053414 False
scimakelatex.32370.none.txt 0.3769605192 0.207074061773 0.5 0.757551649585 0.388888888889 0.835661582318 False
scimakelatex.32485.none.txt 0.411032990806 0.238708070409 0.5 0.749700595775 0.5 0.844660039575 False
scimakelatex.32574.none.txt 0.405083829097 0.2262537363 0.5 0.757865805626 0.333333333333 0.814045063315 False
scimakelatex.32664.none.txt 0.407247160627 0.227997343075 0.5 0.762849716677 0.611111111111 0.830321937002 False
scimakelatex.3818.none.txt 0.351541373716 0.189721022916 0.5 0.748985125044 0.388888888889 0.859135722696 False
scimakelatex.4030.none.txt 0.423472147107 0.23771172368 0.5 0.760468757996 0.388888888889 0.815559229119 False
scimakelatex.4090.none.txt 0.403461330449 0.224344071737 0.5 0.753656900936 0.388888888889 0.845587040337 False
scimakelatex.4298.none.txt 0.412114656571 0.226917967453 0.5 0.755233571945 0.333333333333 0.839094543369 False
scimakelatex.4550.none.txt 0.406706327745 0.222849551644 0.5 0.758809287085 0.388888888889 0.844223748233 False
scimakelatex.4739.none.txt 0.388858842618 0.21130853537 0.5 0.761453486608 0.388888888889 0.824868247671 False
scimakelatex.4951.none.txt 0.383450513791 0.20823646629 0.5 0.76103182382 0.388888888889 0.847287517011 False
scimakelatex.4961.none.txt 0.420227149811 0.24078379276 0.5 0.742042726176 0.333333333333 0.838606105166 False
scimakelatex.5048.none.txt 0.39967550027 0.213467286616 0.428571428571 0.765083961028 0.388888888889 0.828502634053 False
scimakelatex.5107.none.txt 0.388318009735 0.212720026569 0.5 0.750606377289 0.333333333333 0.841990634381 False
scimakelatex.5131.none.txt 0.422390481341 0.228993689804 0.5 0.776427944122 0.388888888889 0.823610698662 False
scimakelatex.5321.none.txt 0.387777176852 0.206077715045 0.428571428571 0.776439079913 0.444444444444 0.836643843945 False
scimakelatex.5586.none.txt 0.374797187669 0.196280305546 0.428571428571 0.764162796768 0.333333333333 0.832587320631 False
scimakelatex.5956.none.txt 0.369929691725 0.197276652275 0.428571428571 0.76723281254 0.333333333333 0.818707912368 False
scimakelatex.6234.none.txt 0.382909680909 0.212720026569 0.5 0.748099363508 0.333333333333 0.851730536717 False
scimakelatex.6261.none.txt 0.380746349378 0.214297575556 0.5 0.737897385461 0.333333333333 0.848385986837 False
scimakelatex.6397.none.txt 0.387777176852 0.209398870807 0.5 0.761644131026 0.388888888889 0.825864658831 False
scimakelatex.6400.none.txt 0.431584640346 0.243191630687 0.5 0.754474833309 0.388888888889 0.817035369685 False
scimakelatex.6407.none.txt 0.430502974581 0.240285619396 0.5 0.746373047101 0.333333333333 0.848621784728 False
scimakelatex.661.none.txt 0.386695511087 0.210810362006 0.5 0.757053404112 0.333333333333 0.82847686261 False
scimakelatex.6652.none.txt 0.424553812872 0.238043839256 0.5 0.740907927662 0.333333333333 0.847269622291 False
scimakelatex.6799.none.txt 0.367225527312 0.202424443706 0.5 0.75342995476 0.333333333333 0.815608431607 False
scimakelatex.6862.none.txt 0.372633856138 0.198439056792 0.428571428571 0.755382591963 0.277777777778 0.834307314713 False
scimakelatex.6952.none.txt 0.402379664684 0.227250083029 0.5 0.747792004045 0.388888888889 0.827594433592 False
scimakelatex.7008.none.txt 0.362358031368 0.196778478911 0.5 0.745617949118 0.388888888889 0.809316715751 False
scimakelatex.7087.none.txt 0.388858842618 0.216871471272 0.5 0.757618681419 0.333333333333 0.824838919077 False
scimakelatex.7163.none.txt 0.392644672796 0.218033875789 0.5 0.742644905164 0.277777777778 0.840696081815 False
scimakelatex.7336.none.txt 0.407247160627 0.219362338094 0.5 0.762020991095 0.333333333333 0.826566389531 False
scimakelatex.7358.none.txt 0.36884802596 0.195782132182 0.428571428571 0.793773989361 0.444444444444 0.821329354388 False
scimakelatex.7564.none.txt 0.401297998918 0.216456326802 0.5 0.766428915479 0.388888888889 0.823723785488 False
scimakelatex.7866.none.txt 0.381287182261 0.206991032879 0.5 0.774207542513 0.444444444444 0.825560223408 False
scimakelatex.8003.none.txt 0.400757166036 0.224676187313 0.5 0.745137217177 0.333333333333 0.831485077079 False
scimakelatex.8062.none.txt 0.394808004327 0.213052142145 0.5 0.757078134493 0.333333333333 0.829746912017 False
scimakelatex.8093.none.txt 0.356408869659 0.194370640983 0.5 0.749375800428 0.333333333333 0.8459247737 False
scimakelatex.8350.none.txt 0.366684694429 0.204417137164 0.5 0.734310934933 0.333333333333 0.847473842715 False
scimakelatex.8395.none.txt 0.380746349378 0.212803055463 0.5 0.74192482704 0.333333333333 0.838747675827 False
scimakelatex.8924.none.txt 0.382368848026 0.211723679841 0.5 0.757764907915 0.333333333333 0.837467542329 False
scimakelatex.8930.none.txt 0.431584640346 0.237047492527 0.5 0.753221897016 0.388888888889 0.829721733563 False
scimakelatex.9041.none.txt 0.370470524608 0.19204583195 0.428571428571 0.77867106686 0.388888888889 0.840186938295 False
scimakelatex.9101.none.txt 0.3893996755 0.219943540352 0.5 0.746488540218 0.388888888889 0.846501424092 False
scimakelatex.9206.none.txt 0.385073012439 0.21047824643 0.5 0.750913530423 0.388888888889 0.868339148944 False
scimakelatex.9247.none.txt 0.402379664684 0.218781135835 0.5 0.750510213004 0.444444444444 0.857880449309 False
scimakelatex.9323.none.txt 0.367225527312 0.192793091996 0.428571428571 0.755112281205 0.333333333333 0.83004235048 False
scimakelatex.9489.none.txt 0.400216333153 0.223098638326 0.5 0.745676643321 0.333333333333 0.822724123063 False
scimakelatex.9783.none.txt 0.3769605192 0.201179010296 0.428571428571 0.746156085261 0.333333333333 0.869704238551 False
scimakelatex.9987.none.txt 0.398593834505 0.226502822982 0.5 0.7470502447 0.333333333333 0.813658305856 False
